0 381711 -260 -460 13820 -37 3 0  -2  0
1 383722 -224 -436 13604 -53 6 1  -11  0
2 385904 -300 -444 13776 -36 5 0  -24  0
2 388169 -124 -480 13692 -34 3 0  -33  0
2 390400 -208 -576 13776 -32 5 1  -37  0
10 400824 -160 -476 13820 -37 2 0  -38  -1
2 403194 -228 -512 13632 -33 6 -2  -37  -1
7 410944 -212 -476 13912 -35 4 2  -36  -1
10 420960 -244 -516 13712 -32 5 -3  -35  -2
10 431021 -244 -496 13860 -37 2 0  -34  -2
10 441076 -100 -392 13768 -35 4 -1  -34  -2
10 451145 -144 -464 13768 -35 2 -2  -34  -3
10 461266 -136 -440 13448 -30 4 -2  -34  -3
10 471312 -140 -392 13888 -34 4 0  -33  -3
10 481382 -216 -472 13540 -34 1 -2  -33  -4
10 491471 -192 -432 13632 -32 0 -2  -33  -4
10 501518 -232 -548 13788 -34 0 0  -33  -4
10 511588 -244 -496 13828 -33 2 0  -33  -5
10 521707 -136 -424 13712 -37 -1 -2  -33  -5
10 531753 -144 -452 13640 -35 0 1  -34  -5
10 541824 -200 -548 13744 -33 0 1  -34  -6
10 551894 -164 -396 13732 -36 0 -1  -34  -6
10 561989 -84 -404 13688 -34 2 1  -34  -6
10 572164 -212 -404 13816 -34 6 0  -34  -7
10 582100 -8 -416 13788 -31 6 2  -34  -7
10 592218 -216 -396 13788 -35 5 1  -33  -7
10 602289 -116 -424 13780 -33 7 0  -33  -8
10 612364 -64 -452 13740 -32 5 1  -33  -8
10 622406 -304 -500 13804 -35 5 -2  -33  -8
10 632495 -120 -464 13800 -32 5 0  -33  -9
10 642542 -252 -504 13792 -36 1 0  -33  -9
10 652641 -192 -548 13776 -35 3 0  -33  -9
10 662880 -124 -456 13664 -36 0 0  -34  -10
9 672803 -160 -428 13748 -33 4 1  -34  -10
10 682848 -112 -484 13644 -32 3 -2  -34  -10
10 692918 -236 -468 13604 -35 1 1  -34  -11
10 703093 -200 -384 13640 -33 2 2  -33  -11
10 713054 -112 -332 13876 -32 2 0  -33  -11
10 723145 -148 -340 13832 -35 3 0  -33  -12
10 733242 -120 -376 13588 -33 6 2  -33  -12
10 743314 -188 -460 13616 -35 0 1  -33  -12
10 753691 -180 -408 13780 -32 6 -1  -33  -13
10 763430 -148 -416 13692 -34 4 -1  -33  -13
10 773525 -156 -492 13664 -35 7 -1  -33  -13
10 783617 -128 -460 13796 -37 5 0  -34  -14
10 793694 -164 -508 13840 -34 2 0  -34  -14
10 803754 -160 -492 13760 -37 3 1  -35  -14
10 813826 -156 -476 13768 -33 -2 2  -35  -15
10 823900 -152 -468 13572 -34 1 0  -35  -15
10 833969 -204 -408 13836 -32 4 -1  -34  -15
10 844090 -152 -524 13468 -38 2 0  -34  -16
10 854100 -208 -452 13788 -36 5 0  -34  -16
10 864206 -76 -316 13528 -36 6 2  -35  -16
10 874295 -160 -476 13704 -34 6 0  -35  -17
10 884342 -56 -400 13624 -37 14 0  -35  -17
10 894412 -184 -388 13716 -36 3 0  -35  -17
9 904162 -152 -516 13768 -38 3 1  -36  -18
10 914266 -176 -508 13864 -32 -2 0  -36  -18
10 924336 -120 -496 13800 -37 6 2  -35  -18
10 934406 -188 -540 13684 -34 6 -1  -35  -19
10 944633 -184 -412 13732 -36 11 -2  -35  -19
10 954540 -128 -380 13748 -37 6 0  -35  -20
10 964612 -240 -504 13816 -31 8 1  -35  -20
10 974730 -200 -332 13652 -33 6 1  -34  -20
10 984801 -228 -432 13724 -35 7 2  -33  -21
10 994847 -208 -356 13800 -36 -2 2  -33  -21
10 1004918 -88 -312 13652 -38 -7 1  -34  -21
10 1015013 -248 -472 13764 -35 -13 2  -35  -22
10 1025054 -204 -464 13740 -34 -21 2  -35  -22
10 1035124 -216 -408 13736 -34 -16 2  -35  -22
10 1045194 -88 -428 13784 -35 -17 2  -35  -23
10 1055313 -172 -548 13908 -35 -3 -1  -34  -23
10 1065360 -216 -452 13804 -34 5 1  -34  -23
10 1075441 -128 -464 13752 -37 -2 1  -34  -24
10 1085519 -136 -356 13640 -33 3 2  -34  -24
10 1095566 76 -560 13536 -31 18 5  -34  -24
10 1105657 492 -620 12476 -33 -21 -2  -33  -25
10 1115867 60 -360 13328 -36 35 2  -33  -25
10 1125825 -604 -384 14232 -35 9 2  -33  -25
10 1135872 -200 -372 13768 -34 -10 -2  -34  -26
10 1145942 12 -432 13416 -33 -2 3  -34  -26
10 1156171 -108 -424 13844 -36 19 4  -34  -26
10 1166074 -152 -476 13812 -36 2 3  -34  -27
10 1176148 -180 -460 13788 -35 3 -1  -34  -27
10 1186266 -180 -476 13760 -34 10 -1  -35  -27
10 1196337 -336 -416 14156 -34 -7 -2  -34  -28
10 1206384 76 -424 13324 -32 3 -2  -34  -28
10 1216454 -192 -576 13604 -35 16 2  -33  -28
10 1226547 -396 -448 13912 -33 5 0  -33  -29
10 1236590 -136 -476 13832 -33 -7 -1  -33  -29
10 1247001 44 -420 13588 -36 5 -1  -33  -29
10 1256730 -256 -488 13764 -33 11 0  -33  -30
10 1266849 -220 -460 13876 -30 3 2  -33  -30
10 1276896 -100 -440 13664 -36 -1 1  -33  -30
10 1286966 120 -444 13444 -35 7 -2  -33  -31
10 1297055 -228 -444 13768 -36 8 0  -33  -31
10 1307102 -204 -492 13780 -33 0 -3  -34  -31
10 1317193 -168 -440 13600 -35 3 -1  -34  -32
10 1327296 -132 -512 13824 -34 6 -1  -34  -32
10 1337445 -304 -436 13724 -31 2 1  -34  -32
10 1347408 -164 -552 13652 -36 2 -1  -33  -33
10 1357478 -192 -452 13652 -36 7 1  -33  -33
10 1367573 -296 -1288 14124 -33 16 9  -34  -33
10 1377642 -400 -548 14180 -33 -11 -1  -34  -34
10 1388126 224 -460 13256 -37 -7 -1  -34  -34
10 1397802 -64 -500 13504 -35 19 1  -34  -34
10 1407875 -440 -480 14232 -35 8 -2  -34  -35
10 1417948 -260 -372 13764 -33 -12 -2  -34  -35
10 1428016 140 -348 13492 -35 2 1  -34  -35
10 1438085 -128 -488 13844 -34 20 -1  -34  -36
10 1448149 -356 -384 14072 -36 1 -1  -34  -36
10 1458254 -152 -464 13636 -32 -1 1  -34  -36
10 1468343 56 -532 13472 -33 11 2  -34  -37
10 1478673 -340 -468 13884 -33 8 2  -33  -37
10 1488460 -208 -572 13840 -35 4 -1  -33  -37
10 1498524 -132 -448 13536 -32 1 0  -33  -38
10 1508625 -164 -392 13644 -35 5 2  -33  -38
10 1518769 -188 -548 13904 -33 2 1  -33  -38
9 1528396 -208 -432 13732 -33 4 -2  -33  -39
10 1538542 -124 -380 13600 -36 5 -2  -33  -39
10 1548585 -180 -360 13884 -37 8 2  -34  -39
10 1558660 -228 -488 13776 -33 -1 0  -34  -40
10 1568731 -228 -488 13544 -38 4 -2  -35  -40
10 1578797 -316 -520 13776 -36 6 -1  -35  -40
10 1588894 -204 -492 13868 -35 8 0  -35  -41
10 1598966 -280 -496 13780 -34 4 -1  -35  -41
10 1609032 -172 -472 13684 -34 3 0  -35  -41
10 1619099 -204 -508 13620 -34 6 2  -34  -42
10 1629172 -120 -468 13848 -34 0 0  -34  -42
10 1639241 -312 -500 13816 -34 2 0  -34  -42
10 1649457 -276 -412 13892 -30 -4 -1  -33  -43
10 1659375 -56 -496 13664 -30 0 -2  -32  -43
10 1669478 -220 -504 13840 -37 11 -1  -32  -43
10 1679567 -168 -476 13812 -34 -1 -2  -32  -44
10 1689686 -148 -508 13784 -33 3 0  -33  -44
10 1699684 -120 -480 13692 -35 6 1  -33  -44
10 1709726 -148 -520 13764 -34 -2 -1  -33  -45
10 1719870 -44 -456 13472 -34 3 -3  -34  -45
10 1729920 -96 -528 13672 -36 9 1  -34  -45
10 1739961 -256 -648 13908 -34 7 -1  -34  -46
10 1750077 -60 -424 13720 -37 -2 -2  -34  -46
10 1760121 -64 -492 13732 -37 4 0  -35  -46
10 1770196 -300 -504 13664 -35 10 -2  -35  -47
10 1780315 -296 -408 13912 -34 6 -2  -35  -47
10 1790354 -228 -368 13692 -34 3 -1  -35  -47
10 1800432 -192 -460 13732 -35 7 2  -34  -48
10 1810502 -204 -400 13780 -34 3 3  -34  -48
10 1820597 -100 -448 13732 -33 6 1  -34  -48
10 1830979 -200 -356 13968 -34 6 2  -33  -49
10 1840708 -164 -400 13780 -35 0 -1  -33  -49
10 1850778 -16 -440 13612 -34 2 -1  -33  -49
10 1860899 -76 -464 13628 -31 6 -2  -33  -50
10 1870971 -180 -468 13840 -36 8 0  -33  -50
10 1881296 -188 -492 13924 -32 -4 -3  -33  -50
9 1891103 4 -436 13448 -34 2 0  -33  -51
10 1901150 -288 -428 13704 -35 13 0  -33  -51
10 1911220 -228 -480 13852 -36 0 2  -33  -51
10 1921512 -100 -464 13632 -34 4 2  -34  -52
10 1931410 -84 -472 13688 -35 12 1  -34  -52
10 1941456 -268 -516 13864 -34 1 -1  -34  -52
10 1951526 -84 -452 13536 -33 -2 -2  -34  -53
10 1961694 56 -384 13496 -34 14 2  -34  -53
9 1971657 -288 -368 13856 -33 7 -1  -33  -53
10 1981732 -144 -440 14080 -35 -1 2  -33  -54
10 1991850 -136 -444 13572 -36 3 -2  -33  -54
10 2001922 -232 -520 13784 -36 10 2  -34  -54
10 2011968 -228 -448 13768 -36 4 -2  -35  -55
10 2022038 -200 -504 13780 -31 0 -2  -35  -55
10 2032133 -24 -344 13684 -37 6 -1  -34  -55
10 2042174 -164 -468 13872 -35 4 -2  -34  -56
10 2052273 -168 -424 13676 -34 2 2  -34  -56
10 2062314 -80 -460 13748 -35 3 0  -34  -56
10 2072434 -208 -476 13836 -34 10 -2  -34  -57
10 2082480 -192 -488 13856 -31 0 1  -34  -57
10 2092550 -104 -544 13540 -35 3 -2  -33  -57
10 2102639 -228 -480 13652 -33 11 2  -33  -58
10 2112686 -172 -532 13864 -32 4 -2  -33  -58
10 2122756 -108 -500 13680 -33 0 -1  -32  -58
10 2132902 -76 -460 13616 -38 6 2  -33  -59
10 2143029 -104 -388 13916 -36 6 -3  -34  -59
10 2152992 -196 -444 13564 -34 3 -2  -34  -59
10 2163062 -120 -464 13564 -32 6 -1  -35  -60
10 2173157 -148 -452 13784 -34 6 0  -34  -60
10 2183255 -284 -476 13788 -33 6 -1  -33  -60
10 2193268 -144 -368 13652 -33 2 0  -33  -61
10 2203387 -120 -508 13640 -34 6 -1  -33  -61
10 2213457 -248 -432 13656 -34 6 1  -33  -61
10 2223532 -128 -404 13760 -34 -1 1  -33  -62
10 2233574 -60 -512 13600 -37 6 -3  -33  -62
10 2243669 -88 -468 13796 -35 5 -2  -34  -62
10 2253761 -236 -544 13768 -36 1 -1  -35  -63
10 2263838 -96 -396 13820 -36 1 -1  -35  -63
10 2273975 -176 -448 13416 -35 8 0  -35  -63
10 2283970 64 -608 13576 -29 2 -1  -35  -64
10 2294044 -148 -380 13844 -40 13 -1  -34  -64
10 2304106 -284 -592 14396 -33 8 -1  -34  -65
10 2314231 -24 -308 13616 -37 3 3  -34  -65
10 2324243 44 -428 13780 -33 14 0  -34  -65
10 2334321 -364 -564 13856 -33 3 -1  -34  -66
10 2344439 -16 -448 13652 -35 0 -1  -34  -66
10 2354484 -384 -536 13908 -33 16 -1  -34  -66
10 2364556 -228 -352 13892 -38 -8 -3  -34  -67
10 2374598 0 -364 13584 -34 0 1  -34  -67
10 2384714 -96 -472 13820 -38 14 3  -35  -67
10 2394792 -368 -484 14052 -31 -1 1  -35  -68
10 2404862 12 -548 13384 -37 -2 1  -35  -68
10 2414928 -92 -488 13800 -31 10 -2  -34  -68
10 2424995 -312 -512 13872 -34 4 -1  -34  -69
10 2435068 -144 -544 13752 -35 2 -1  -33  -69
10 2445138 -196 -456 13600 -33 7 0  -33  -69
10 2455205 -104 -504 13884 -36 6 2  -33  -70
10 2465302 -180 -476 13848 -34 1 -3  -34  -70
10 2475374 -80 -460 13604 -38 1 -2  -34  -70
10 2485463 -168 -416 13660 -36 2 -2  -35  -71
10 2495510 -244 -544 13848 -34 4 -2  -35  -71
10 2505580 -188 -520 13668 -36 2 -1  -35  -71
10 2515650 -88 -368 13768 -35 3 -2  -35  -72
10 2525769 -128 -416 13760 -35 5 1  -35  -72
10 2535816 -224 -412 13768 -34 3 -1  -35  -72
10 2545997 -148 -516 13796 -36 -1 1  -34  -73
9 2555975 -180 -444 13772 -35 1 -2  -34  -73
10 2566022 -112 -520 13844 -36 2 -2  -35  -73
10 2576092 -248 -504 13704 -37 2 1  -35  -74
10 2586300 -136 -564 13856 -35 5 0  -35  -74
10 2596258 -112 -424 13772 -36 3 -1  -35  -74
10 2606328 -216 -432 13684 -34 4 -1  -35  -75
10 2616398 -152 -432 13876 -33 1 -2  -35  -75
10 2626485 -88 -408 13832 -34 7 -2  -34  -75
10 2636530 -232 -448 13844 -37 6 -1  -34  -76
10 2646604 -192 -464 13744 -34 7 -1  -34  -76
10 2656723 -80 -524 13916 -34 0 -1  -34  -76
10 2666795 -112 -400 13516 -37 4 0  -34  -77
10 2676840 -176 -508 13764 -32 6 0  -34  -77
10 2686910 -216 -488 13756 -35 2 0  -34  -77
10 2697004 -192 -544 13816 -36 8 -2  -34  -78
10 2707070 -108 -448 13632 -37 5 1  -34  -78
10 2717116 -72 -492 13744 -33 5 0  -35  -79
10 2727186 -108 -420 13800 -36 2 -2  -35  -79
10 2737305 -164 -440 13732 -35 4 1  -35  -79
10 2747352 -216 -464 13744 -34 3 -1  -35  -80
10 2757448 -168 -508 13728 -34 4 -1  -34  -80
10 2767511 -204 -340 13640 -33 5 1  -34  -80
10 2777558 -236 -536 13744 -34 4 -2  -34  -81
10 2787654 -332 -476 13628 -37 5 -2  -33  -81
10 2797775 -164 -452 13688 -34 4 0  -34  -81
10 2807818 -208 -544 13696 -36 5 2  -34  -82
10 2817864 -128 -432 13780 -34 3 2  -34  -82
10 2827934 -176 -464 13672 -36 1 0  -35  -82
10 2838029 -148 -444 13644 -38 2 -2  -35  -83
10 2848199 -132 -516 13700 -33 2 -1  -35  -83
10 2858140 -216 -404 13772 -34 1 2  -35  -83
10 2868259 -252 -468 13964 -34 2 3  -34  -84
10 2878329 -136 -404 13652 -34 3 1  -34  -84
10 2888404 -252 -484 13820 -32 5 0  -34  -84
10 2898446 -196 -472 13720 -36 1 -1  -33  -85
10 2908541 -132 -384 13740 -35 4 2  -33  -85
10 2918634 -204 -532 13752 -35 4 -2  -34  -85
10 2928710 -156 -516 13684 -34 6 0  -34  -86
10 2938855 -196 -528 13544 -37 4 2  -34  -86
10 2948841 -64 -420 13788 -31 5 2  -34  -86
10 2958916 -164 -492 13732 -36 3 0  -34  -87
10 2968986 -220 -488 13668 -35 7 0  -34  -87
10 2979075 -128 -512 13768 -34 3 -1  -34  -87
10 2989094 -168 -396 13752 -38 3 0  -34  -88
10 2999190 -264 -448 13624 -35 5 -2  -35  -88
10 3009311 -76 -400 13848 -35 2 0  -35  -88
10 3019354 -208 -480 13716 -38 2 -2  -35  -89
10 3029400 -172 -312 13768 -39 7 -2  -36  -89
10 3039470 -116 -400 13712 -35 2 -1  -36  -89
10 3049565 -192 -508 13636 -31 4 -1  -36  -90
10 3059664 -308 -340 13828 -34 6 0  -35  -90
10 3069700 -124 -492 13520 -33 5 -1  -34  -91
10 3079821 -92 -436 13708 -36 7 -5  -33  -91
10 3089867 -188 -428 13736 -34 5 -2  -33  -91
10 3099940 -120 -264 13788 -33 6 3  -33  -91
10 3110010 -168 -432 13704 -32 5 -2  -33  -92
10 3120077 -160 -472 13752 -34 6 1  -33  -92
10 3130175 -188 -440 13680 -36 -1 0  -33  -92
10 3140246 -180 -416 13540 -36 5 -1  -33  -93
10 3150339 -216 -428 13824 -32 5 -1  -34  -93
10 3160745 -160 -464 13692 -37 3 1  -34  -93
10 3170452 -192 -548 13608 -37 3 -3  -34  -94
10 3181344 -132 -464 13796 -32 5 0  -35  -94
9 3190638 -172 -416 13804 -35 4 1  -35  -95
10 3201055 -260 -504 13764 -37 3 1  -34  -95
10 3211578 -132 -480 13684 -36 5 1  -35  -95
9 3220847 -276 -536 13712 -36 1 0  -35  -96
10 3230894 -180 -432 13688 -39 3 -2  -36  -96
10 3241868 -44 -460 13668 -36 4 -2  -36  -96
9 3251028 -220 -484 13604 -36 3 -3  -36  -97
10 3261151 -148 -464 13732 -33 6 -1  -36  -97
10 3272075 -192 -440 13804 -34 1 -3  -35  -97
9 3281270 -84 -564 13708 -36 6 0  -34  -98
10 3291470 -276 -432 13680 -34 6 -1  -34  -98
10 3302342 -228 -432 13776 -35 2 0  -34  -98
9 3311476 -196 -452 13672 -34 4 -1  -34  -99
10 3321600 -128 -424 13600 -35 3 1  -34  -99
10 3332570 -204 -444 13624 -34 6 -1  -34  -99
9 3341732 -160 -480 13916 -33 4 2  -34  -100
10 3351782 -124 -380 13620 -31 3 -1  -33  -100
11 3362807 -196 -452 13740 -36 5 0  -33  -100
9 3371941 -136 -508 13632 -38 4 0  -33  -101
10 3382036 -92 -484 13580 -34 3 -1  -34  -101
10 3393042 -168 -396 13600 -33 6 0  -34  -101
9 3402178 -144 -492 13836 -35 4 -2  -34  -102
10 3412252 -248 -536 13632 -36 1 -2  -34  -102
11 3423307 -76 -448 13836 -36 6 -1  -34  -102
9 3432438 -244 -480 13724 -37 4 0  -35  -103
10 3442452 -248 -536 13608 -32 7 -3  -35  -103
11 3453522 -168 -432 13832 -33 4 0  -35  -103
9 3462647 -144 -356 13732 -35 4 0  -34  -104
10 3472694 108 -436 13248 -38 9 0  -34  -104
11 3483758 -488 -452 14100 -32 15 0  -34  -104
9 3492806 -152 -364 14196 -36 4 -1  -34  -105
11 3504206 28 -572 13864 -31 -9 -1  -34  -105
9 3513990 0 -240 13132 -40 9 -3  -34  -105
9 3523088 -276 -532 14324 -32 4 0  -34  -106
10 3533159 -356 -484 13924 -34 0 3  -34  -106
11 3544228 116 -456 13524 -34 1 0  -34  -106
9 3553276 -284 -460 13632 -34 3 -2  -34  -107
10 3563394 1104 -792 11536 -26 45 -60  -33  -107
11 3574521 -1288 -536 15308 -30 125 4  -31  -107
8 3583482 -1948 -588 16220 -34 -54 -4  -30  -108
10 3593582 740 -468 12420 -34 -63 -4  -30  -108
11 3604756 784 -420 12300 -35 55 3  -31  -108
8 3613718 -976 -520 14976 -35 41 2  -33  -109
10 3623788 -660 -504 14536 -36 -40 -4  -34  -109
11 3634992 692 -424 12708 -35 -11 -1  -34  -109
8 3643976 -96 -480 13652 -33 39 2  -35  -110
10 3654024 -696 -444 14676 -33 4 1  -34  -110
11 3665815 -56 -412 13600 -33 -22 -2  -34  -110
8 3674183 240 -436 13184 -32 11 1  -33  -111
10 3684230 -444 -456 13984 -34 21 4  -33  -111
11 3695548 -464 -384 14096 -36 -11 0  -33  -111
8 3704424 160 -396 13180 -35 -6 -2  -33  -112
10 3714491 -56 -488 13600 -32 19 2  -34  -112
11 3725784 -400 -436 14108 -33 5 2  -34  -112
8 3734606 -188 -388 13712 -37 -7 0  -33  -113
10 3744701 -92 -432 13536 -34 8 1  -34  -113
11 3756388 -332 -412 13844 -35 8 3  -34  -113
8 3764812 -224 -464 13828 -37 0 2  -34  -114
10 3774936 -40 -516 13568 -33 1 1  -35  -114
11 3786250 -148 -468 13720 -36 9 1  -35  -114
8 3795158 -228 -524 13776 -37 3 0  -35  -115
10 3805118 -184 -404 13772 -34 1 -1  -35  -115
11 3816513 -192 -396 13732 -31 6 3  -35  -115
8 3825280 -216 -488 13792 -34 5 2  -34  -116
10 3835399 -192 -472 13904 -35 1 -3  -33  -116
11 3846725 -60 -400 13672 -33 3 1  -33  -116
8 3855513 -164 -312 13876 -32 6 1  -33  -117
10 3865588 -208 -428 13888 -33 3 1  -33  -117
11 3876989 -80 -420 13700 -38 3 -2  -33  -117
9 3885772 -164 -404 13840 -34 5 0  -33  -118
9 3895787 -196 -484 13564 -34 5 -1  -34  -118
10 3906546 -184 -452 13680 -37 5 0  -34  -118
9 3915983 -128 -472 13752 -34 4 2  -35  -119
10 3926030 -140 -504 13752 -35 8 0  -35  -119
10 3936887 -116 -384 13796 -34 2 -1  -35  -119
9 3946142 -232 -432 13740 -33 7 0  -34  -120
10 3956289 -152 -440 13644 -34 0 2  -34  -120
10 3966699 -192 -464 13764 -35 11 0  -33  -120
9 3976724 -216 -456 13728 -30 5 1  -33  -121
10 3986495 -232 -456 13924 -35 3 3  -33  -121
10 3996940 -160 -428 13636 -38 5 -1  -33  -121 
9 4006657 -9 -8 -16 -2 -3 0  -32  -122
10 4016730 -53 -36 60 2 1 0  -25  -122
10 4027204 135 -20 -196 1 0 -2  -15  -122
9 4036846 -17 -160 76 -1 1 2  -7  -123
10 4046918 39 -4 -24 -2 1 -1  -2  -123
10 4057889 59 -4 64 -3 0 0  0  -123
9 4067051 -33 16 152 0 1 1  0  -123
10 4077124 63 -16 32 -1 1 -1  0  -123
10 4087704 47 8 24 -2 -3 -1  0  -123
9 4097313 19 40 -32 -3 -2 2  0  -123
10 4107379 -21 8 -40 0 -1 -1  -1  -123
10 4117910 39 72 72 -1 -4 1  -1  -123
9 4127519 -1 8 36 -2 -1 1  -1  -123
10 4137566 75 -32 8 -1 -3 -1  -1  -123
10 4148174 35 -52 -100 2 2 1  -1  -123
9 4157706 -49 -20 40 -1 -1 1  0  -123
10 4167827 -121 -28 -76 0 -3 0  0  -123
10 4178433 103 8 -140 0 3 0  0  -123
9 4187942 -13 -28 128 -1 1 1  0  -123
10 4198083 79 -36 8 -2 -6 0  0  -123
10 4209009 -21 -16 -136 0 2 0  0  -123
9 4218148 39 44 60 -1 -5 0  0  -123
10 4228293 -13 -60 -92 -1 0 -4  0  -123
10 4238909 59 -52 -116 3 -1 2  0  -123
9 4248384 83 8 -48 -1 -2 2  0  -123
10 4258454 31 44 -76 -3 0 -1  0  -123
10 4269167 35 16 -80 0 2 -3  0  -123
9 4278640 59 4 108 -2 -2 0  0  -123
10 4288710 35 0 92 1 -1 0  0  -123
10 4299354 -37 8 -68 -3 2 -1  0  -123
9 4308851 39 -8 124 2 0 0  0  -123
10 4318924 107 -24 -24 -1 1 0  0  -123
10 4329618 -61 -4 32 2 1 1  0  -123
9 4339251 35 52 -108 0 0 0  0  -123
9 4349125 67 56 40 0 1 1  0  -123
11 4360194 -49 88 200 2 -4 0  0  -123
9 4369319 91 -32 -84 -2 -2 0  0  -123
10 4379366 -49 36 16 -1 -2 0  0  -123
10 4390089 59 8 -96 -2 -1 -1  0  -123
9 4399498 -49 -108 52 0 -1 -1  0  -123
10 4409625 111 -36 24 -2 1 3  -1  -123
10 4420353 -17 0 88 0 -1 -2  -1  -123
9 4429712 -61 -68 -20 1 -2 0  0  -123
10 4439831 123 -40 -120 1 -1 1  0  -123
10 4450588 83 36 144 -2 -6 -1  0  -123
9 4459948 27 -68 -64 2 1 1  0  -123
10 4470013 -49 60 28 -1 -5 -1  0  -123
10 4480852 51 64 -60 1 -2 -1  0  -123
9 4490184 47 20 68 2 1 2  0  -123
10 4500254 11 24 -216 -2 -3 0  0  -123
11 4511798 59 88 -52 3 -3 0  0  -123
8 4520386 -13 -8 -76 3 -4 1  0  -123
10 4530460 -69 96 -36 -2 3 0  1  -123
10 4541352 27 -68 8 -2 -1 -1  0  -123
9 4550649 75 -36 -72 2 0 2  0  -123
10 4560696 99 84 64 -2 1 0  0  -123
10 4571558 91 44 28 0 -5 -1  0  -123
9 4580855 -33 -4 -32 -1 0 1  0  -123
10 4590926 107 4 -80 3 0 -1  0  -123
11 4601929 -1 -52 68 -2 1 -1  0  -123
9 4611042 -105 -32 16 -1 -4 0  0  -123
10 4621162 83 -28 -84 -1 -6 1  0  -123
10 4632081 55 24 -172 0 0 0  0  -123
9 4641278 -21 8 116 -1 -2 0  0  -123
10 4651458 55 -76 16 -1 -2 2  0  -123
11 4662659 2491 -1840 -4052 1 27 16  0  -123
8 4671505 -581 -32 956 2 90 7  0  -123
10 4681631 -1113 36 1668 1 -40 0  0  -123
11 4692862 527 24 -860 -1 -42 -3  0  -123
8 4701720 691 32 -1068 -2 18 1  0  -123
10 4711790 -205 -32 528 -1 19 2  0  -123
10 4722815 -209 -28 388 -2 -11 -2  0  -123
9 4731953 115 56 -8 -1 -15 -1  -1  -123
10 4742324 207 48 -448 1 6 6  -1  -123
10 4753002 -113 -24 228 0 1 0  0  -123
9 4762186 -9 -4 104 0 -3 0  0  -123
10 4772260 55 80 32 -1 -6 -1  0  -123
11 4784030 -17 84 -228 -2 0 -1  0  -123
8 4792397 -97 -12 96 0 -2 1  0  -123
10 4802462 -25 -8 -12 1 -3 1  0  -123
11 4813814 -37 -60 32 -3 -4 0  0  -123
8 4822655 59 -72 80 0 1 -2  0  -123
10 4832698 163 64 28 -1 -2 -2  0  -123
11 4843730 63 52 16 0 0 0  0  -123
9 4852834 135 -48 -224 -2 -5 0  0  -123
10 4862937 71 88 24 -1 0 0  0  -123
11 4874136 7 12 180 2 -5 -1  0  -123
8 4883045 127 16 108 2 0 -1  0  -123
10 4893167 31 172 148 0 -2 -4  0  -123
10 4903235 143 92 -120 1 -5 -1  0  -123
10 4913284 43 -20 -16 0 -3 -3  0  -123
10 4923326 51 28 124 -2 -2 -1  0  -123
10 4933474 31 -40 -4 -2 -4 -4  0  -123
10 4943520 3 -20 -4 -1 -4 -1  0  -123
10 4953590 83 20 -52 1 -1 0  -1  -123
11 4964792 -33 28 48 -2 -1 0  0  -123
8 4973723 75 -12 -12 2 1 -1  0  -123
10 4983796 -37 36 -8 0 -1 0  0  -123
10 4993970 59 -20 -20 3 -1 -2  0  -123
10 5003987 39 -84 -20 3 1 -3  1  -123
10 5014031 87 -84 -132 0 -5 -1  1  -123
10 5024207 -73 -40 16 0 -1 -2  1  -123
9 5034191 11 -48 128 0 3 -1  1  -123
10 5044238 43 32 -112 0 0 0  0  -123
10 5054842 -13 -8 92 2 -1 2  0  -123
9 5064378 43 4 24 -1 -3 1  0  -123
10 5074498 47 4 28 -1 -1 -2  0  -123
10 5084707 39 64 -128 1 -3 0  0  -123
9 5094717 7 -64 -4 1 2 3  0  -123
10 5104703 19 0 -112 2 -6 -2  0  -123
10 5115234 63 -52 120 4 2 0  1  -123
9 5124820 3 -20 -88 0 0 -2  1  -123
10 5134939 -77 244 -156 1 -31 -4  1  -123
10 5145186 451 -8 -564 5 6 -8  1  -123
9 5155055 -2097 740 1612 5 -94 -133  2  -123
10 5165126 1107 -12 -1632 4 0 -7  3  -123
10 5175422 187 -160 116 1 36 -23  3  -123
9 5185284 -245 -448 980 71 -4 8  8  -123
10 5195332 83 -256 296 167 1 14  28  -122
10 5205628 31 -336 328 255 13 20  73  -122
9 5215522 67 -376 480 379 32 39  143  -121
10 5225596 -617 12 1156 490 5 114  235  -120
10 5236027 -17 -576 952 697 -5 178  348  -118
9 5245727 -493 -584 1464 976 32 306  493  -114
10 5255774 27 -316 860 1263 -7 367  684  -109
10 5266468 -485 84 908 1558 37 525  919  -103
9 5275988 -893 4 2268 1920 29 638  1193  -93
10 5286153 699 564 36 2192 57 694  1496  -82
10 5296392 -261 1528 372 2355 96 693  1801  -67
9 5306150 -3953 4304 5308 1193 -110 168  1987  -49
10 5316266 99 3528 -1544 699 -176 6  1894  -29
10 5326963 1471 2704 -2416 595 -17 -100  1560  -10
9 5336356 95 2940 280 705 25 -173  1175  4
10 5346480 -701 2436 1212 836 -35 -162  891  16
10 5356862 915 3412 -692 870 -48 -192  752  25
9 5366702 1099 3172 -64 535 435 -182  702  32
10 5376662 311 2440 1612 551 717 -154  659  39
10 5387122 83 2652 636 655 950 -123  618  46
9 5396821 379 2956 668 746 1154 -102  610  52
10 5406926 -221 3660 1196 835 1422 -66  643  58
11 5418014 -317 3976 436 909 1664 -44  707  65
9 5427056 -1513 3824 912 950 1743 -48  786  72
10 5437132 -1753 4256 -712 978 1790 -83  861  79
10 5447597 -1817 3392 -1596 932 1683 -44  919  88
9 5457298 -1789 4804 -2948 852 1446 -64  944  97
10 5467310 -2433 5472 -2436 671 1137 -156  922  107
10 5477832 -1569 4280 920 644 1113 -209  856  116
9 5487504 -3369 3720 1356 833 1779 -143  786  124
10 5497571 -5541 -1660 -1508 953 1761 -17  765  132
10 5508804 -3609 4900 -2400 916 1317 36  796  140
9 5517686 -4253 5212 -2528 837 1025 41  838  148
10 5527781 -5925 7000 -1260 838 1073 145  861  156
10 5538298 -4033 5396 -1288 846 1258 81  864  165
9 5547950 -4281 5772 -2936 831 1083 81  859  173
10 5558037 -4349 6688 -3768 827 1333 190  850  182
10 5568882 -3509 5576 -1484 660 1024 168  829  190
9 5578156 -3193 5856 -3928 466 802 104  772  198
10 5588226 -6073 3496 -2436 452 755 -38  679  206
10 5598806 -4277 7360 -4148 220 219 -484  564  213
9 5608050 -5533 7192 -1996 -404 471 -1390  397  218
10 5618150 -6621 3988 -620 -119 712 -1583  173  222
10 5628758 -5421 4488 -1624 -32 1039 -1596  -10  224
9 5638286 -3733 4900 -2372 -247 1161 -1966  -113  224
10 5648503 -2265 4448 -3736 -569 1055 -2201  -198  223
10 5658964 -2097 3680 -4156 -913 759 -2253  -335  221
9 5668545 -1949 4060 -3484 -1224 338 -1915  -545  218
10 5678592 -4877 6288 -3132 -1523 34 -1262  -814  212
10 5689228 -6221 4768 -2236 -1777 -304 -962  -1113  204
9 5698958 -6709 3576 -2636 -2081 -287 -1052  -1419  193
9 5708798 -8109 3624 -3300 -2313 -4 -1141  -1719  179
11 5719804 -8477 1244 -1072 -2129 183 -1030  -1974  162
9 5728986 -8349 704 -696 -1721 80 -823  -2106  142
10 5739031 -6593 840 -1056 -1537 97 -598  -2072  121
10 5749727 -5089 592 -600 -1633 167 -437  -1932  101
9 5759174 -4397 -184 -1884 -1848 59 -261  -1801  81
10 5769269 -5329 -1468 -1636 -1905 -310 -14  -1749  63
10 5780053 -5709 -1988 -1712 -1764 -565 72  -1756  46
9 5789068 -8413 436 -168 -1524 -547 182  -1754  29
10 5799192 -8233 552 660 -1244 -425 356  -1688  11
10 5809886 -7237 -596 1088 -1034 -375 400  -1546  -5
9 5819332 -5837 -1324 -124 -978 -563 362  -1359  -20
10 5829537 -3325 -1924 -1632 -982 -809 306  -1183  -34
10 5840145 -3917 -2900 -1540 -853 -1071 290  -1047  -45
9 5849532 -3825 -4316 -1724 -767 -1165 369  -941  -56
10 5859638 -4529 -4860 -1352 -706 -1211 456  -852  -65
11 5870726 -5321 -3908 -716 -708 -1257 514  -780  -74
9 5879770 -5689 -3804 8 -710 -1319 571  -731  -81
10 5889844 -6725 -4508 428 -710 -1382 634  -704  -89
10 5899997 -7349 -3756 784 -718 -1368 619  -695  -96
10 5910033 -6829 -3452 584 -627 -1389 637  -691  -103
10 5920042 -6017 -2684 -1120 -454 -1443 729  -666  -109
10 5930227 -3553 -2580 -2824 -285 -1427 831  -599  -116
10 5940239 -1561 -2280 -4036 -131 -1336 837  -487  -122
10 5950286 -841 -1280 -4736 -55 -1189 742  -350  -127
10 5961143 -969 -1976 -4888 -120 -1067 557  -223  -130
9 5970398 -2129 -2148 -3912 -240 -1031 257  -147  -133
10 5980521 -2121 -2524 -2980 -367 -1081 102  -140  -134
10 5990706 -19621 -11768 19015 486 -5755 556  -133  -135
9 6000799 1099 -2008 -1124 721 -1765 695  -4  -137
10 6010751 -2177 88 5040 731 -2485 873  228  -137
10 6021282 -3569 3204 236 592 -2406 922  450  -135
9 6030868 263 1288 -2740 503 -2397 878  583  -130
10 6040986 2879 3384 -5624 521 -2270 743  624  -124
10 6051172 2991 6148 -2476 1191 -403 1070  656  -118
9 6061101 1771 8588 -2956 1141 149 1004  765  -112
10 6071202 -1789 1212 4536 575 -312 525  877  -104
10 6081435 -1717 1684 5072 561 -674 280  878  -95
9 6091506 1179 1304 1540 909 -559 615  818  -86
10 6101380 7759 4104 -11648 1111 -270 998  807  -78
10 6111676 2123 6132 -5180 1319 -535 1191  885  -70
9 6121569 2331 5552 -6980 1454 -219 782  1029  -62
10 6131653 4775 4032 -7172 1466 92 288  1195  -51
10 6141940 -2161 9104 1660 507 1269 -799  1271  -39
9 6151775 -9361 4740 12620 -66 1671 -786  1122  -27
10 6161822 -3793 -7180 2464 610 622 -612  824  -16
10 6172717 -301 -6920 -1136 540 262 -772  593  -7
9 6181958 1971 -10064 -36 218 186 -448  466  -1
10 6192081 2267 -5312 -1476 -405 137 -312  326  2
10 6202440 2023 -2060 -2996 -428 -219 203  112  5
9 6212198 1203 1368 -4472 -86 -211 581  -97  7
10 6222433 -453 3168 -3288 211 -202 719  -184  6
10 6232646 -1109 4052 -2536 370 -418 693  -122  4
9 6242404 -41 2736 -2860 459 -395 715  31  3
10 6252549 -629 2096 -2324 433 -249 673  202  3
10 6262996 -877 1504 -1648 266 -161 589  325  5
9 6272640 -45 1160 -2532 9 -130 508  354  8
10 6282710 283 1400 -3536 -332 -112 363  267  12
10 6293232 555 1848 -4416 -755 -164 127  64  14
9 6302904 1019 2272 -5852 -1196 -263 -183  -241  15
10 6312945 1007 1904 -6384 -1513 -356 -415  -617  12
10 6323808 703 2376 -7148 -1593 -432 -555  -997  6
9 6333106 775 2456 -7716 -1595 -423 -682  -1310  -3
10 6343180 -221 2528 -7380 -1650 -303 -978  -1519  -16
10 6353914 -1121 2336 -6204 -1831 -129 -1502  -1649  -31
9 6363317 -1317 1928 -5188 -2088 17 -2164  -1757  -47
10 6373578 -181 340 -4212 -2371 249 -2680  -1892  -65
10 6383903 1123 -1132 -2792 -2532 578 -3038  -2069  -83
9 6393575 -1093 1828 -1776 -2504 254 -2883  -2254  -104
10 6403814 571 2172 -2116 -2208 -36 -2143  -2379  -126
10 6414202 2183 368 -2896 -1806 34 -1469  -2377  -150
9 6423762 2135 -1660 -2164 -1495 238 -1160  -2228  -174
10 6433882 899 -1780 -96 -1333 432 -1009  -1979  -196
10 6444514 -1041 -392 1264 -1362 551 -822  -1714  -216
9 6453998 -1849 -2312 1748 -1298 789 -659  -1503  -233
10 6464088 -3233 -4440 2344 -1062 1163 -628  -1349  -248
10 6475062 -2361 -6688 3096 -856 1633 -691  -1210  -261
9 6484204 -2129 -7632 3476 -589 2055 -670  -1053  -273
10 6494634 -1641 -3472 3352 -479 2057 -455  -873  -284
10 6504936 391 -1176 1980 -464 1894 -65  -699  -292
9 6514440 1747 2272 -248 -193 1788 586  -546  -299
10 6524764 2387 3636 -1632 415 1920 1500  -365  -305
10 6535221 -705 2760 -1020 1379 2396 2240  -56  -308
9 6544646 -5765 3696 848 2633 2984 2823  478  -309
10 6554743 -9141 6204 1032 4040 3636 3654  1290  -304
10 6565409 -9349 8364 1228 5354 4499 4666  2361  -291
9 6574996 -8833 8864 384 6583 5385 5455  3604  -268
10 6585046 -9645 9360 664 7697 6022 5967  4913  -232
10 6595646 -9805 7984 1168 8693 6258 6417  6196  -183
9 6605117 -8949 6056 2512 9478 6164 6726  7384  -121
10 6615216 -7321 5068 2552 9830 5641 6891  8410  -48
11 6626222 -6673 5584 1004 9698 5086 6654  9183  35
9 6635346 -8605 7976 -400 9159 4491 6060  9613  126
10 6645419 -9345 8772 -2296 8301 3853 5314  9646  222
10 6656140 -10557 6248 -3088 6969 3277 4449  9264  318
9 6665562 -11505 1500 -4176 4329 2354 2997  8398  410
10 6676132 -5737 -1536 -6560 122 777 340  6837  493
10 6686380 839 192 -10256 -4553 -414 -2614  4349  561
9 6695798 2039 14476 -15332 -8478 -1709 -5265  970  605
10 6705892 683 25192 -18464 -10782 -3039 -6555  -2863  614
10 6716644 -5045 28712 -17636 -11241 -3461 -7087  -6457  586
9 6726167 -12665 27580 -13080 -10497 -3792 -7517  -9150  522
9 6736074 -17649 17304 -6396 -8781 -4166 -7891  -10558  431
10 6746908 -16021 6120 -1692 -6858 -4135 -7560  -10646  326
9 6756240 -13341 -3500 860 -5176 -3839 -6884  -9675  220
10 6766310 -10557 -10452 3552 -3697 -3783 -5896  -8074  123
11 6777484 -7913 -17148 6004 -2315 -3874 -4807  -6238  43
8 6786446 -7057 -18204 7904 -1131 -3708 -3914  -4435  -18
10 6796538 -3977 -12472 8656 -363 -3255 -2692  -2827  -62
11 6807806 -1661 -11760 7768 94 -1582 -796  -1519  -90
8 6816705 -2717 -11532 6372 836 870 1590  -525  -105
10 6826807 -8965 -10632 7288 2211 3153 3993  295  -111
10 6837614 -4033 -2864 664 3564 4830 6725  1149  -108
9 6846917 -2405 6192 -5240 4375 6075 8472  2116  -96
10 6856958 -10545 16120 -6532 5001 6960 9513  3112  -75
10 6867873 -11973 19720 -9356 5602 6961 10035  4031  -44
9 6877203 -14273 18372 -10280 5933 6340 9476  4815  -4
10 6887217 -16085 12972 -9144 5262 4299 7560  5373  43
11 6898703 -7977 7592 -11372 2703 1088 3688  5445  96
8 6907334 -353 8836 -16192 -1664 -2260 -1865  4613  150
10 6917451 -17 17116 -17888 -6164 -5179 -7083  2567  196
10 6927556 -4997 23904 -17424 -8458 -6948 -10073  -484  222
10 6937598 -10557 18972 -10804 -8043 -7051 -10954  -3712  217
10 6947664 -12077 8836 -4668 -5976 -6291 -10329  -6101  180
10 6957730 -7437 -2256 872 -3628 -5053 -8260  -7034  119
10 6967804 -4897 -10812 5032 -1914 -3656 -5537  -6542  49
10 6977957 -3153 -17672 9004 -1232 -2783 -3589  -5160  -15
10 6987994 -4833 -20528 11760 -1073 -1848 -2114  -3564  -66
9 6997723 -6097 -18028 11956 -674 -660 -363  -2217  -101
10 7007798 -2473 -14816 9196 -187 918 1593  -1239  -123
10 7017887 -409 -12104 4800 317 2720 2974  -550  -136
10 7027992 -577 -5512 60 842 4270 4324  -30  -141
10 7038029 -2285 -440 -4108 1578 5575 5791  433  -142
10 7048074 -2897 9084 -10436 2314 6361 6668  934  -137
10 7058193 -4589 16524 -12428 2854 6460 7469  1499  -128
10 7068267 -4537 19604 -14584 3652 6239 7774  2115  -113
10 7078386 -10981 23588 -15420 4021 4990 7295  2755  -92
10 7088399 -11293 21336 -15352 2754 1999 4207  3250  -65
10 7098446 -12725 19088 -13688 -48 -2115 -1376  3217  -32
10 7108538 -8233 19140 -14272 -3525 -5447 -7173  2276  0
10 7118660 -4197 17280 -11936 -5500 -6510 -9675  424  21
10 7128710 -4461 4044 -9008 -5440 -6109 -10253  -1801  26
10 7138752 -2641 -9400 -16 -4022 -5226 -8791  -3609  8
10 7148822 -433 -17680 4796 -2862 -4160 -6716  -4484  -27
10 7158917 11 -23788 6484 -2094 -2754 -4533  -4434  -72
10 7169016 415 -22996 6836 -1384 -1237 -2114  -3785  -116
10 7179086 -565 -19732 5552 -886 324 187  -2884  -154
10 7189146 643 -16248 2232 -485 1536 2107  -1979  -182
10 7199222 -513 -10588 200 -133 2481 3571  -1205  -202
10 7209292 -2281 -3192 -3228 380 3281 4502  -586  -214
10 7219334 -4301 1716 -4996 1110 3786 5297  -55  -220
10 7229482 -7909 6272 -4860 1766 3984 5776  473  -220
10 7239493 -9989 12796 -6276 2098 4202 5839  1018  -216
10 7249569 -9653 17348 -9464 2060 3919 5423  1509  -205
10 7259821 -9001 17592 -11596 1856 2648 4258  1849  -190
10 7269731 -9617 16548 -11828 1687 788 2545  1993  -172
10 7279853 -11305 14976 -9592 1528 -753 816  1971  -152
10 7289951 -9845 11848 -8060 1376 -1397 -419  1842  -133
10 7299991 -10633 8864 -6088 1503 -1283 -848  1682  -114
10 7310197 -10765 2740 -2432 2057 -732 -482  1596  -98
10 7320215 -10421 -5292 2920 2925 241 720  1706  -82
9 7330199 -11509 -10344 6764 3454 1198 2085  2057  -65
10 7340246 -13149 -11116 8204 3427 2048 3077  2541  -44
10 7350456 -12493 -7924 6272 3131 2806 3744  2961  -19
9 7360358 -11905 -4372 3560 2694 3523 4211  3171  9
10 7370501 -10273 -1572 528 1937 3874 4225  3107  41
10 7380666 -5789 3028 -6120 885 3621 3622  2745  72
9 7390622 343 9836 -15252 -368 2439 1859  2079  99
10 7400717 2059 14248 -20480 -1704 501 -407  1139  120
10 7410979 1827 18840 -23324 -3147 -2015 -3149  -23  131
9 7420828 -1793 22032 -21728 -4403 -4267 -5999  -1333  131
10 7430976 -3941 17820 -16492 -4907 -5507 -7857  -2651  118
10 7441166 -4745 12796 -10772 -4781 -6341 -8961  -3761  91
9 7451063 -6173 6768 -5580 -4390 -6873 -9515  -4476  54
10 7461134 -5529 928 -2216 -3959 -6871 -9605  -4745  9
10 7471372 -5525 -4908 1204 -3424 -6197 -9035  -4636  -37
9 7481299 -4477 -11228 5060 -2859 -5228 -7779  -4262  -83
10 7491501 -4701 -14992 7456 -2387 -4130 -6246  -3735  -125
9 7501353 -1965 -18112 8868 -1821 -2781 -4120  -3147  -162
9 7511218 271 -21948 8304 -917 -905 -1321  -2523  -194
10 7521292 -837 -20532 7648 138 952 1477  -1822  -219
10 7531615 -3301 -15820 6472 1221 2746 4112  -1002  -237
9 7541795 -1797 -12892 2972 2388 4512 6461  -58  -247
10 7551470 -6005 -4740 1344 3052 5957 8457  957  -248
10 7561851 -7033 1836 -304 3062 6669 9324  1897  -238
9 7571685 -10405 6496 -3852 3616 7356 10305  2636  -219
10 7582075 -11593 11492 -6636 4624 8369 11692  3236  -193
10 7592087 -13917 15612 -7244 5551 8976 12807  3852  -161
9 7601846 -12893 17528 -9496 6435 8981 13482  4561  -122
10 7611970 -9681 15508 -14304 7395 8495 13619  5364  -77
10 7622351 -7113 13768 -14428 8230 7298 12936  6235  -24
9 7632104 -9041 12600 -14672 8363 5572 10954  7084  37
10 7642176 -4345 2820 -12484 7236 3156 7865  7695  108
10 7652553 1795 1692 -16880 3918 -811 2484  7674  184
9 7662316 6003 10344 -21848 -1894 -5417 -4909  6484  261
10 7672781 1227 21676 -24788 -7049 -8726 -10317  3776  325
10 7682845 -2729 21856 -21328 -9885 -10109 -13260  -105  363
9 7692546 -6233 19444 -14192 -10500 -9934 -13959  -4196  362
10 7702622 -7185 12928 -8816 -9816 -8813 -13108  -7497  320
10 7713127 -5117 760 -3272 -8050 -7366 -11138  -9412  245
9 7722754 -9581 -5776 916 -6297 -6300 -9383  -9835  152
10 7732886 -9937 -7044 2052 -5489 -5268 -8350  -9118  54
10 7743287 -7737 -8780 1144 -4597 -3656 -6681  -7837  -36
9 7753017 -10137 -12680 2956 -3206 -1864 -4487  -6400  -114
10 7763031 -8805 -15292 2824 -1349 -934 -1919  -4913  -177
10 7773528 -4289 -13988 572 -41 29 157  -3374  -226
9 7783257 -3245 -11288 -308 577 1051 1748  -1886  -260
10 7793270 -13985 -13524 2736 1153 2250 2478  -610  -279
10 7803805 -8273 -4356 3404 2201 3302 5200  423  -285
9 7813403 -8745 -212 -2288 3386 4728 7740  1339  -280
10 7823530 -11901 4512 -3020 4910 6065 10084  2292  -267
10 7834079 -12741 8732 -2208 6312 7131 12183  3383  -244
9 7843646 -12621 14896 -5512 7152 8111 13505  4585  -211
10 7853881 -9029 16148 -10184 7708 8859 14193  5754  -165
10 7864238 -6309 14384 -12832 8328 8822 14610  6768  -108
9 7873852 -1229 14644 -17420 8655 7680 13987  7587  -40
10 7884031 -3809 17436 -18352 8469 5820 11889  8178  34
10 7894502 -10041 18852 -18516 7757 3373 8719  8464  115
9 7904088 -7837 7928 -13764 6188 505 4761  8333  200
10 7914158 -4365 4120 -11048 2865 -2965 -261  7581  282
10 7924253 -233 5352 -14336 -2061 -6414 -5445  5890  358
10 7934400 91 15716 -16136 -7594 -9095 -10681  3005  416
10 7944554 707 21068 -18412 -11067 -10404 -12873  -905  446
10 7954482 1067 22488 -17804 -12398 -9802 -12792  -5117  437
10 7964554 -5677 16088 -11572 -12023 -8477 -11778  -8704  386
10 7974628 -6741 5152 -6376 -10554 -7596 -10714  -11005  300
10 7984752 -6761 -76 -4972 -8710 -7514 -9831  -11808  190
10 7994765 -4901 2444 -5412 -7890 -6750 -9201  -11371  73
10 8004856 -5681 1468 -4784 -6938 -5411 -7915  -10242  -39
10 8014934 -6809 -2868 -3336 -5438 -3706 -6259  -8847  -141
10 8025023 -8813 -10688 -616 -2824 -2764 -3885  -7276  -229
10 8035122 -5573 -9176 -1796 -167 -2736 -1541  -5423  -302
10 8045140 51 -5676 -2996 402 -2397 -462  -3380  -355
10 8055210 -1249 -4556 -1872 -222 -2147 -698  -1597  -389
10 8065329 91 -840 -3844 -1221 -1898 -1290  -515  -405
10 8075376 -7125 -644 720 -1462 -1350 -617  -208  -410
10 8085634 -10849 184 1644 -515 -1185 466  -339  -412
10 8095535 -7109 3360 -3604 1092 -601 1941  -396  -416
10 8105580 -5465 4368 -4732 3124 840 3724  10  -419
10 8115652 -5309 7040 -3224 5253 2296 5925  1024  -419
10 8125817 -6749 11980 -2728 7239 3486 7738  2574  -409
10 8135889 -16833 12816 164 8918 4552 8965  4451  -384
10 8145888 -19193 10760 4476 10032 4586 9240  6393  -339
10 8155958 -14585 5980 4328 10525 4047 8799  8133  -276
10 8166053 -10825 6840 1488 10011 3632 7431  9429  -195
10 8176489 -8565 9580 -392 8764 3449 5646  10070  -101
10 8186218 -6569 12380 -3188 7476 3602 4203  9979  -1
10 8196282 -5749 15644 -6284 6304 3777 3264  9273  97
10 8206355 -5205 18304 -9040 5597 4112 2934  8212  190
10 8216428 -4673 18852 -10908 5301 4733 3144  7095  271
10 8226470 -4941 19696 -10968 5063 5232 3371  6154  342
10 8236605 -5433 19820 -10816 4730 5239 3635  5464  403
10 8246606 -3773 15812 -10172 4299 4875 3786  4974  458
10 8256705 -4689 7012 -8928 4507 4239 4058  4632  507
10 8266746 -3681 3144 -10072 5035 3058 4019  4479  553
10 8276867 -2089 7236 -13036 4897 2273 3464  4520  598
10 8286951 -1449 10940 -14628 4474 2112 3092  4619  643
10 8296982 -4345 15348 -15932 4127 2194 2856  4626  689
10 8307234 -4053 17016 -17732 3755 2010 2402  4492  735
10 8317118 -3281 18736 -18884 3323 1831 1699  4233  779
10 8327212 -3241 19300 -19316 2897 1612 1093  3881  821
10 8337388 -6293 21848 -19628 2457 1497 558  3469  860
10 8347405 -6537 22044 -19232 1839 1347 15  3013  895
10 8357424 -6237 20092 -18916 1311 1378 -400  2514  925
10 8367494 -6741 21004 -18852 835 1543 -721  1987  950
10 8377589 -5957 20600 -19588 190 1720 -1056  1447  969
10 8387741 -5733 19556 -19844 -308 1876 -1358  894  984
10 8398039 -6889 18044 -19208 -629 1913 -1592  354  993
10 8407818 -7013 16756 -18504 -1169 1729 -2087  -148  996
10 8417889 -5929 16100 -18564 -1820 1253 -2746  -639  995
10 8427964 -3097 16916 -20028 -2569 731 -3153  -1166  988
10 8438034 -857 17688 -21240 -3481 304 -3497  -1773  977
10 8448101 -545 19712 -22264 -4392 -173 -3969  -2484  959
10 8458193 -945 21076 -23268 -5131 -588 -4444  -3280  934
10 8468270 -1025 20872 -23400 -5550 -934 -4751  -4086  902
10 8478359 -1953 20164 -22820 -5653 -1334 -5006  -4792  861
10 8488571 -4357 18384 -21268 -5561 -1897 -5269  -5302  813
10 8498476 -4469 15976 -20364 -5556 -2567 -5641  -5588  761
10 8508546 -4125 13948 -19608 -5753 -3274 -6039  -5710  705
10 8518663 -4801 12568 -19064 -5998 -3724 -6427  -5775  648
10 8528712 -5109 12876 -17628 -6135 -4115 -6607  -5854  591
10 8538996 -4313 11968 -16968 -6288 -4449 -6557  -5963  533
9 8548559 -4025 10272 -17764 -6302 -4672 -6554  -6086  473
10 8558606 -2945 10164 -18092 -6236 -5259 -6772  -6189  413
10 8568676 -4029 10352 -16304 -5973 -5281 -6936  -6230  351
10 8578794 -2985 9504 -15236 -5526 -5548 -6884  -6165  289
10 8588841 -1701 6256 -13892 -5097 -5790 -6644  -5966  228
10 8598912 -157 6188 -12864 -5005 -6182 -6751  -5672  168
10 8608982 -1389 5780 -8112 -5151 -6250 -6971  -5386  112
10 8619077 -3925 2756 -4448 -5410 -6125 -7210  -5212  58
10 8629144 -2177 -3952 -4484 -5513 -5853 -7397  -5182  7
10 8639188 -2225 -7612 -4212 -5360 -5588 -7332  -5242  -44
10 8649306 -2553 -7964 -2972 -4805 -5538 -6803  -5271  -96
10 8659377 -721 -5980 -3840 -3849 -5412 -6089  -5129  -149
10 8669452 1215 -2020 -5932 -2794 -5164 -5493  -4719  -200
10 8679911 2271 832 -5644 -1768 -4923 -4780  -4031  -247
10 8689589 3751 1276 -5192 -776 -4785 -4016  -3139  -287
10 8699652 4683 200 -5192 -62 -4441 -3612  -2152  -318
10 8709729 4699 -1812 -3640 313 -4047 -3493  -1203  -339
10 8719847 5655 -4936 -2168 670 -3809 -3305  -403  -351
10 8729889 6643 -6484 -1744 845 -3761 -3119  203  -355
10 8739964 7703 -8140 -476 715 -3758 -3132  606  -353
10 8750027 5627 -8592 988 417 -3906 -3129  791  -347
10 8760129 7611 -9052 -156 191 -4034 -3063  771  -339
10 8770162 7727 -6176 -1096 -51 -3566 -3020  605  -332
10 8780238 8499 -5328 -748 -151 -3287 -2816  369  -326
10 8790359 8799 -5492 -2576 -88 -2686 -2645  142  -322
10 8800403 9303 -4216 -3264 224 -2133 -2388  3  -321
10 8810552 10463 -2100 -4096 703 -1467 -2052  16  -321
9 8820206 9835 -1008 -3412 1186 -821 -1680  207  -320
10 8830350 9391 -2044 -1280 1601 -421 -1310  545  -318
10 8840400 8139 -4040 -592 2062 -54 -841  973  -313
10 8850470 7211 -6964 756 2649 325 -167  1451  -303
10 8860702 7091 -8400 1676 3162 918 412  1967  -289
10 8870606 5247 -7644 2904 3624 1741 951  2498  -269
10 8880676 3703 -5008 3860 4182 2695 1565  3028  -244
10 8890794 2567 -1596 4068 4876 3667 2247  3566  -214
10 8900865 1863 2104 3156 5647 4678 2897  4147  -179
10 8911052 2175 4448 2548 6317 5489 3318  4784  -137
10 8920982 1899 5788 976 7017 6037 3466  5462  -90
10 8931077 4903 5908 1332 7688 6070 3612  6159  -36
10 8941143 4175 6824 440 8118 5970 3527  6843  25
10 8951258 2635 8060 1080 8384 5608 3363  7457  93
10 8961258 2611 8732 436 8421 5212 3200  7945  167
10 8971378 2055 9224 -884 8198 4956 2861  8256  246
10 8981424 1287 9716 -808 7909 4465 2409  8364  328
10 8991515 387 9932 -72 7629 4031 2094  8286  411
10 9001953 911 8024 -304 7410 3791 1838  8080  494
10 9011630 -125 9352 64 7241 3608 1522  7817  574
10 9021723 -905 11520 -228 6925 3464 1180  7542  652
10 9031824 -173 12664 -1176 6470 3496 998  7253  727
10 9042029 -389 14040 -2168 6022 3799 920  6922  799
10 9051936 -2417 15408 -3188 5712 4066 900  6551  868
10 9062006 -2585 16920 -4448 5571 4191 982  6183  933
10 9072101 -2945 19008 -6648 5431 4334 1115  5865  995
10 9082216 -4085 19684 -7572 5255 4519 1189  5614  1053
9 9091900 -3601 19120 -8088 5181 4605 1203  5420  1109
10 9102018 -3573 19068 -8620 5180 4648 1140  5280  1163
10 9112089 -4745 19712 -9752 5125 4656 1042  5191  1215
10 9122164 -4313 21364 -10796 4938 4582 713  5127  1267
10 9132206 -4069 21908 -11720 4774 4519 289  5051  1318
10 9142301 -2653 21128 -13060 4729 4556 -89  4952  1368
10 9152366 -2709 21068 -14512 4666 4635 -511  4850  1418
10 9162441 -3865 22008 -15300 4471 4656 -895  4748  1466
10 9172586 -3521 20556 -16368 4270 4644 -1042  4631  1513
10 9182601 -2565 18880 -16928 4070 4574 -1104  4485  1559
10 9192676 -1841 17780 -18088 3694 4404 -1198  4300  1604
10 9202743 -1209 17500 -19476 3139 4267 -1418  4048  1647
10 9212842 7 18292 -21048 2499 4114 -1504  3693  1687
10 9222985 1471 17192 -22216 1768 4115 -1450  3217  1724
10 9232953 627 15684 -22920 1098 4016 -1547  2634  1756
10 9243071 -677 13404 -22424 708 3547 -1682  1997  1782
10 9253114 -837 11468 -22948 584 2967 -1756  1404  1802
10 9263188 -1877 10704 -23372 395 2503 -1884  934  1816
10 9273230 -2221 11452 -23124 17 1971 -2124  581  1825
10 9283325 -1109 12004 -23596 -583 1504 -2269  268  1831
10 9293424 487 11692 -24796 -1307 1100 -2234  -98  1833
10 9303494 2631 10812 -25464 -2157 694 -2279  -584  1832
10 9313698 2239 10772 -25956 -3074 166 -2440  -1213  1827
10 9323627 1571 10916 -25256 -4018 -357 -2819  -1977  1814
10 9333700 -369 12336 -23704 -4844 -941 -3293  -2834  1795
10 9343770 -2701 14264 -22924 -5487 -1426 -3803  -3718  1767
10 9353890 -4169 16948 -22144 -6112 -1867 -4353  -4558  1730
10 9363928 -4329 17192 -21352 -6597 -2343 -4890  -5314  1684
10 9374006 -7593 16992 -18544 -6791 -2459 -5158  -5952  1631
10 9384095 -6821 15120 -17160 -6866 -2961 -5190  -6434  1572
10 9394142 -5521 12804 -16888 -6921 -3361 -5277  -6747  1508
10 9404212 -6701 11960 -15192 -7178 -4034 -5634  -6936  1441
10 9414274 -5885 10400 -14544 -7502 -4711 -6205  -7084  1372
10 9424378 -8605 11548 -12956 -7844 -5115 -6833  -7258  1302
10 9434448 -11689 12604 -11524 -7985 -5325 -7459  -7474  1229
10 9444518 -12049 13044 -10884 -7782 -5311 -7815  -7677  1155
10 9454607 -11073 12104 -11200 -7445 -5045 -7843  -7780  1079
10 9464654 -8881 10352 -10900 -7049 -4711 -7647  -7727  1001
10 9474724 -8293 8704 -11180 -6606 -4431 -7377  -7519  924
10 9484842 -7641 7100 -11484 -6039 -4269 -7148  -7177  850
10 9494886 -5945 5028 -11648 -5294 -4143 -6823  -6717  778
10 9504960 -3505 2316 -11852 -4467 -4120 -6362  -6137  711
10 9515030 -2057 856 -11580 -3811 -4301 -6038  -5458  650
10 9525125 -369 -52 -11388 -3332 -4502 -5862  -4745  596
10 9535189 451 -1180 -9952 -2915 -4605 -5773  -4073  549
10 9545236 -1973 -2028 -6260 -2281 -4450 -5590  -3468  508
10 9555355 -2989 -3892 -3712 -1648 -4449 -5045  -2898  474
10 9565425 639 -6916 -3752 -1115 -4450 -4487  -2332  445
10 9575500 2411 -7144 -4300 -493 -4208 -3788  -1764  422
10 9585564 2867 -3004 -3172 84 -4071 -2849  -1189  404
10 9595633 -2081 -216 -920 558 -3510 -2110  -615  392
10 9605700 -4753 -3116 1764 937 -3108 -1503  -68  386
10 9615777 -185 -8176 1392 1212 -2915 -1281  421  386
10 9625895 4895 -10576 476 1207 -2935 -1023  818  390
10 9635938 7599 -9592 -1296 1142 -2948 -780  1082  398
10 9646011 6179 -5916 -1752 1134 -2865 -694  1211  409
10 9656054 4931 -4300 -1292 1235 -2850 -637  1251  421
10 9666170 2763 -4788 104 1684 -2529 -469  1286  433
10 9676248 3883 -4764 1372 2292 -2249 -142  1419  446
10 9686318 967 -2724 2632 2939 -1435 359  1711  460
10 9696384 -905 -3764 5124 3438 -632 819  2153  477
10 9706451 -2449 -4528 7180 3903 317 1216  2680  498
10 9716524 -2253 -2436 7564 4494 1433 1896  3235  525
10 9726642 -3525 -2516 9256 5133 2720 2711  3807  557
10 9736794 -4613 -3384 11048 5575 3684 3267  4387  595
10 9746755 -2041 -3024 10684 5762 4421 3651  4929  639
10 9756830 -253 -2864 9440 5564 5016 3873  5351  688
10 9766919 659 -3752 8068 5050 5099 3824  5561  741
10 9776966 1635 -4072 5756 4293 4802 3425  5493  796
10 9787036 567 -3936 4312 3442 4370 2912  5134  851
10 9797106 1159 -3316 2416 2605 3895 2566  4530  902
10 9807226 1571 -3972 360 1832 3619 2381  3765  947
10 9817272 1459 -3860 -1620 1075 3219 2105  2929  985
10 9827313 -445 -964 -3404 306 2880 1530  2082  1014
10 9837431 -1741 3888 -5164 -109 2673 1094  1277  1035
10 9847478 -989 8784 -8272 -130 2454 948  597  1047
10 9857548 1815 14988 -13532 -303 2278 1026  110  1053
10 9867611 3667 16268 -19076 -412 1786 928  -197  1054
10 9877714 4655 16712 -22676 -450 518 248  -378  1052
10 9887784 5483 16912 -23288 -1079 -1541 -1048  -511  1049
10 9897854 4859 16088 -20592 -2212 -3838 -2872  -753  1043
10 9907949 2783 13048 -14596 -3279 -5524 -4547  -1242  1036
10 9917985 -1689 7232 -5408 -4210 -6366 -5890  -1984  1024
10 9928060 -2621 -2896 3008 -4866 -6822 -6637  -2872  1004
10 9938179 -13 -10204 7048 -5183 -6432 -6707  -3753  975
10 9948250 -161 -12052 9252 -4709 -5077 -5910  -4449  938
10 9958411 -177 -12564 12112 -3553 -3571 -4631  -4760  894
10 9968366 6663 -21796 9888 -2085 -2615 -3418  -4541  846
10 9978457 14451 -32312 15860 -415 -132 -142  -3774  801
10 9988502 7419 -26144 14784 -21 1298 2303  -2637  764
10 9998601 2855 -17484 13176 -76 2319 3026  -1492  737
10 10009037 2663 -11956 10704 304 3110 4027  -608  723
10 10018763 4543 -5840 5260 748 3966 4835  7  716
10 10028836 739 2484 784 1343 4390 5189  471  717
10 10038899 -3013 13812 -4980 2154 4655 5311  912  721
10 10049080 -5537 20576 -9644 3127 4752 5240  1440  730
9 10058702 -5125 22580 -13640 3847 4241 5045  2096  745
10 10068793 -2673 19200 -15632 3561 2785 3935  2771  765
10 10078917 -2453 18764 -16332 1909 282 1332  3170  793
10 10088961 -2865 20608 -15728 -608 -2586 -2279  2936  825
9 10098696 -2381 19128 -13548 -2727 -4485 -5542  1910  854
10 10108766 -3581 14548 -8248 -3319 -5313 -7252  338  873
10 10118861 1119 1364 -1784 -3037 -5529 -7416  -1237  876
10 10128930 7795 -15228 3852 -2347 -5017 -6528  -2346  864
10 10139030 8635 -25352 9708 -1653 -3848 -4996  -2803  841
10 10149090 6563 -29904 14196 -1274 -2331 -3231  -2703  813
10 10159163 4251 -31844 17664 -1050 -660 -1397  -2286  786
10 10169236 3795 -28764 17224 -793 769 479  -1778  763
10 10179302 5323 -21332 13652 -562 2016 2307  -1304  745
10 10189367 4491 -11812 10204 -404 2948 3756  -913  732
10 10199414 751 -1552 4728 -423 3370 4571  -626  723
10 10209505 -3241 11352 -2100 -371 3374 4369  -448  717
10 10219608 -7237 24296 -9516 -62 3021 3541  -336  713
10 10229674 -7857 29140 -14480 522 2094 2412  -197  709
10 10239720 -7825 31016 -15436 1006 501 839  46  707
10 10249790 -5821 27180 -14052 825 -1473 -1264  361  708
10 10259885 -3245 17436 -9312 50 -3365 -3792  576  711
10 10270181 147 8036 -4184 -964 -4616 -5872  507  717
10 10279996 2343 776 -324 -1703 -4535 -6744  100  722
10 10290114 5751 -13280 4836 -1895 -3890 -6248  -517  723
10 10300185 11387 -28724 9296 -1826 -3077 -4913  -1126  718
10 10310594 12015 -32312 11408 -1558 -1681 -2959  -1552  707
10 10320302 9851 -32312 10820 -943 -196 -644  -1706  691
10 10330397 8947 -26280 9076 -341 957 1412  -1565  674
10 10340438 9291 -19728 5696 111 1985 2960  -1186  659
10 10350693 7959 -11824 3112 768 2860 4362  -666  647
10 10360578 5079 -5172 -28 1504 3565 5650  -59  640
10 10370697 -741 5368 -3072 1977 4242 6489  595  640
10 10380744 -7313 18384 -7104 2533 4744 6686  1243  646
10 10390814 -6753 23908 -11256 3303 4609 6526  1873  658
10 10400903 -3873 27452 -14568 3477 3441 5473  2478  677
10 10410950 -4977 29288 -15284 2627 1311 3003  2928  701
10 10421020 -7725 28564 -12936 958 -1386 -559  2977  730
10 10431138 -7157 24296 -10228 -1299 -3713 -4647  2413  760
10 10441206 -3765 16740 -7480 -2925 -4951 -7684  1221  784
10 10451256 2883 8024 -6312 -3658 -5458 -9003  -329  796
10 10461326 9075 -5032 -3000 -3709 -5234 -8856  -1821  793
10 10471421 15383 -22348 1456 -3401 -4821 -7615  -2922  775
10 10481621 16083 -32312 5244 -2976 -3773 -5818  -3497  746
10 10491532 15311 -32312 6840 -2222 -2065 -3398  -3572  711
10 10501650 12883 -32312 7792 -1048 -342 -603  -3210  675
10 10511722 14195 -31552 6680 -40 861 1868  -2488  644
10 10521786 14599 -24316 3700 436 1842 3560  -1565  619
10 10531838 11883 -15844 1056 932 2561 4868  -643  603
10 10541933 7815 -3616 -2376 1353 3226 5982  157  597
10 10551994 1199 12252 -6372 1733 3566 6376  807  598
10 10562073 -3745 24580 -10336 1990 3377 5965  1317  606
10 10572114 -9297 32592 -11752 2428 2752 4721  1721  619
10 10582233 -15301 33223 -11172 2554 1415 2935  2057  637
10 10592280 -12369 33223 -9488 1983 -339 240  2283  657
10 10602350 -7981 22824 -6572 969 -2399 -2859  2265  680
10 10612489 -1541 14044 -4304 -209 -4119 -5870  1897  702
10 10622486 2927 7520 -2228 -1118 -4671 -7628  1194  721
10 10632556 8711 -7160 2852 -1561 -4552 -7831  312  733
10 10642675 16939 -30564 7824 -1776 -4008 -6480  -541  736
10 10652746 16523 -32312 12316 -1716 -2491 -4057  -1208  731
10 10662872 13791 -32312 14060 -1173 -500 -1092  -1588  719
10 10672862 11787 -31956 12212 -504 1009 1490  -1624  703
10 10682957 12883 -25268 8072 43 2107 3229  -1345  687
10 10693026 12031 -18304 3884 683 3320 4931  -848  673
10 10703126 8399 -7816 -552 1477 4231 6703  -220  665
10 10713186 1679 11332 -6760 2036 5151 7845  481  663
10 10723259 -4237 28512 -14256 2389 5440 7754  1176  668
10 10733332 -7501 33223 -20420 2458 4301 6050  1771  679
10 10743402 -10381 33223 -21964 2034 1772 3038  2168  697
10 10753781 -6289 33223 -19896 932 -1239 -899  2250  718
10 10763534 -2797 26716 -13456 -261 -3814 -4549  1922  741
10 10773609 2307 15092 -8508 -947 -5516 -7122  1231  760
10 10783727 4963 5848 -3812 -1032 -5520 -8136  399  772
10 10793774 8507 -9656 3412 -759 -4877 -7456  -306  776
10 10803844 14587 -31600 11464 -814 -3882 -5727  -741  773
10 10813911 12799 -32312 18012 -916 -2308 -3406  -944  766
10 10824031 8255 -32312 19015 -630 -520 -745  -993  756
10 10834080 7787 -32312 17992 -260 881 1511  -910  747
10 10844150 6707 -23076 14516 84 2356 3338  -702  737
10 10854237 5479 -14644 11148 827 3670 4861  -377  730
10 10864285 6627 -5144 5104 1703 4639 6282  90  727
10 10874356 5871 1880 -1556 2136 5535 7266  689  728
10 10884474 1923 7892 -5972 2265 6164 7577  1305  734
10 10894522 1123 16272 -12404 2434 5880 7285  1821  747
10 10904592 4659 25192 -22080 2199 4127 5842  2172  766
10 10914662 7367 31528 -29132 1377 1404 3315  2284  787
10 10924757 3943 33223 -29248 206 -1480 114  2062  810
10 10934798 -1325 33223 -23984 -853 -3476 -2911  1477  830
10 10944868 -2177 28792 -16620 -1371 -4739 -5254  643  845
10 10954988 2359 15468 -8928 -1296 -5572 -6783  -204  852
10 10965059 9003 -3664 -172 -1264 -6358 -7405  -851  849
10 10975132 13755 -25936 9776 -1795 -6209 -7245  -1267  841
10 10985195 10895 -32312 19015 -2300 -4912 -5933  -1580  828
10 10995263 5083 -32312 19015 -2173 -2769 -3439  -1860  813
10 11005310 2495 -32312 19015 -1644 -614 -752  -2033  794
10 11015412 3923 -22920 17588 -1013 1138 1298  -1992  774
10 11025504 6683 -15044 11132 -194 2568 2982  -1698  754
10 11035571 7431 -8332 5988 774 3735 4567  -1161  737
10 11045636 5531 -2328 2552 1887 4534 5902  -407  726
10 11055686 3323 4492 -1956 2499 5011 6726  488  722
10 11065781 -1181 12560 -5600 2731 5121 6666  1375  727
10 11075958 -3057 18544 -9524 2887 4444 6026  2101  740
10 11085892 -2273 22308 -12760 2621 3219 4787  2585  761
10 11096010 -2857 24576 -15632 1570 1489 2631  2741  787
10 11106091 -1801 24680 -15988 62 -687 -147  2458  814
10 11116156 -977 24572 -16852 -1573 -2516 -3005  1686  839
10 11126264 707 21224 -15168 -2664 -3690 -5086  525  855
10 11136293 2443 13812 -11728 -2957 -4463 -6211  -760  861
10 11146356 4671 2216 -6360 -2743 -4864 -6494  -1849  853
10 11156462 8135 -13164 260 -2502 -5043 -6137  -2538  835
10 11166564 8319 -24404 6648 -2316 -4391 -5328  -2816  809
10 11176755 6431 -32312 12380 -1934 -3231 -3848  -2782  781
10 11186668 4847 -32312 14852 -1304 -1825 -1888  -2522  754
10 11196729 4163 -29240 15144 -639 -205 197  -2084  729
10 11206855 2655 -22644 14836 -91 1288 2065  -1521  708
10 11216904 5307 -16520 11216 527 2628 3703  -898  693
9 11226682 6787 -9892 7892 1225 3805 5084  -250  684
10 11236750 6367 -3340 3104 1757 4465 6106  403  681
10 11246795 1339 5160 -364 1854 4817 6514  1009  685
10 11256878 -3873 15976 -3564 1853 4928 6292  1480  695
10 11267006 -4113 26124 -10164 1903 4513 5447  1778  710
10 11277027 -2241 33204 -18340 1647 3197 3819  1914  728
10 11287113 -2409 33223 -22276 879 982 1287  1864  747
10 11297174 -3257 33223 -20700 -241 -1787 -1932  1553  765
10 11307269 -1857 26896 -16336 -1231 -3851 -5033  949  781
10 11317331 1911 15532 -10196 -1700 -5180 -6892  147  790
10 11327380 8843 -3500 -3600 -2040 -6133 -7573  -673  792
10 11337450 12843 -26052 5464 -2769 -6112 -7468  -1407  785
10 11347571 12019 -32312 12508 -3107 -4615 -6207  -2050  771
10 11357616 6923 -32312 16584 -2447 -2133 -3544  -2534  751
10 11368103 3875 -32312 14708 -1213 86 -429  -2671  725
10 11377775 6167 -25612 10684 -105 1573 2010  -2342  699
10 11387822 7263 -18896 6592 712 2713 3845  -1622  675
10 11397921 7771 -12424 3848 1590 3607 5380  -691  659
10 11408039 6191 -3932 44 2209 4042 6545  290  652
10 11418083 2251 8376 -3088 2136 4549 6954  1167  655
10 11428128 -2369 21516 -8548 1841 4527 6316  1775  667
10 11438198 -3697 29000 -14144 1577 3484 4887  2045  685
10 11448293 -3441 33223 -17088 1124 1870 2816  2018  705
10 11458411 -6501 32012 -15964 584 -162 324  1759  725
10 11468426 -4533 24860 -13164 244 -2152 -2274  1349  743
10 11478528 -1253 18540 -10684 90 -3564 -4492  893  756
10 11488595 2995 9160 -5364 -89 -4744 -5837  487  765
10 11498705 7995 -10852 2172 -797 -5576 -6254  128  770
10 11508710 9039 -31572 10916 -1834 -5149 -5976  -291  771
10 11518805 5623 -32312 16984 -2274 -3374 -4496  -840  768
10 11528897 3271 -32312 17952 -1808 -934 -1870  -1393  760
10 11538974 2619 -27352 13776 -1016 1138 874  -1710  746
10 11549034 4719 -18892 8396 -157 2400 2858  -1649  729
10 11559106 7591 -11196 2592 790 3347 4373  -1216  712
10 11569180 6871 -2048 -1740 1682 3971 5654  -499  700
10 11579248 5099 5040 -5168 2161 4168 6431  357  695
10 11589317 143 14232 -7376 2371 4218 6327  1179  699
10 11599380 -5169 23552 -9236 2678 3852 5630  1846  711
10 11609457 -5805 29180 -11736 2862 2880 4574  2337  729
10 11619575 -6365 30356 -13120 2482 1293 2758  2643  752
10 11629934 -7001 27444 -11076 1510 -738 100  2686  779
10 11639664 -5109 23268 -9248 261 -2503 -2868  2367  805
10 11649734 -2905 19128 -7496 -766 -3514 -5214  1682  829
10 11659858 11 11324 -4492 -1352 -4096 -6604  768  846
10 11669928 5931 -3672 100 -1782 -4456 -6797  -169  853
10 11679961 8331 -18652 4760 -2229 -4001 -6285  -993  852
10 11690084 8627 -29648 8600 -2399 -3172 -4979  -1648  842
10 11700129 6335 -31808 10272 -2121 -1991 -3159  -2090  825
10 11710204 5127 -28512 10080 -1550 -888 -1105  -2261  804
10 11720271 5827 -24292 8204 -945 87 736  -2137  782
10 11730341 5399 -16652 5980 -296 997 2265  -1761  761
10 11740432 3603 -7972 3108 560 1995 3671  -1197  743
10 11750510 2655 1052 480 1533 3100 4923  -481  731
10 11760684 2375 5572 -1700 2482 3946 5992  355  726
10 11770641 787 7748 -3064 3548 4350 6764  1282  730
10 11780716 91 10120 -3352 4789 4477 7375  2288  743
10 11790786 -765 13788 -4016 5999 4729 7924  3375  766
10 11801042 -5005 20380 -4308 7129 5143 8155  4526  799
10 11810894 -14201 26748 -4376 8013 5470 8178  5686  844
10 11820993 -16721 23956 -3732 8577 5343 7839  6771  901
10 11831111 -12973 17964 -2740 8961 4996 6938  7693  968
10 11841157 -9933 12608 -2220 8949 4208 5911  8389  1045
10 11851411 -7869 10916 -2456 8071 3183 4457  8768  1128
9 11861270 -4153 9252 -4108 6473 1865 2597  8687  1215
10 11871415 -997 9336 -6612 4543 907 837  8033  1302
10 11881464 -701 10744 -8476 2717 327 -412  6828  1382
10 11891666 -1109 13508 -10800 1393 124 -1171  5255  1450
10 11901621 -1129 15152 -11968 680 254 -1406  3605  1502
10 11911665 -1345 17072 -13100 535 630 -1279  2172  1538
10 11921740 -3189 19212 -13456 797 1092 -808  1166  1559
10 11931858 -3573 18696 -12748 1432 1674 -150  677  1571
10 11941906 -5061 17168 -11736 2252 2128 521  690  1578
10 11952019 -5729 16568 -11656 3230 2276 1115  1128  1585
10 11962046 -7005 15844 -11392 4120 2053 1538  1869  1596
10 11972141 -7021 15128 -11916 4750 1577 1694  2765  1614
10 11982244 -5497 15544 -13452 4965 1143 1602  3642  1642
9 11991940 -3909 16308 -14880 4851 909 1388  4338  1678
10 12002010 -3345 16380 -15720 4563 762 1153  4752  1721
10 12012140 -3629 16024 -15728 4240 725 1115  4869  1769
10 12022176 -4917 14872 -14760 3939 726 1076  4749  1817
10 12032246 -6185 14816 -14564 3678 596 990  4483  1864
10 12042351 -6237 16608 -14336 2933 186 479  4123  1909
10 12052382 -5489 12416 -13200 1988 521 -137  3639  1950
10 12062475 -7737 10744 -13720 1256 883 -755  3008  1986
10 12072599 -8985 11188 -12784 798 1255 -1318  2293  2016
10 12082642 -9105 12300 -13216 617 1504 -1629  1613  2039
10 12092688 -8237 13432 -15032 567 1629 -1733  1072  2055
10 12102781 -7473 15404 -17532 628 1718 -1659  720  2065
10 12112853 -7829 18096 -19232 561 1802 -1459  541  2073
10 12122952 -7369 18028 -19848 177 1762 -1334  451  2078
10 12133003 -7477 16532 -19640 -517 1559 -1478  319  2083
10 12143088 -2437 13080 -20360 -1541 1017 -1958  16  2086
10 12153153 399 10512 -21360 -2785 -43 -2849  -543  2086
10 12163228 1987 10020 -22760 -4265 -1248 -3762  -1394  2080
10 12173462 5715 9376 -23092 -5789 -2413 -4840  -2523  2067
10 12183365 3347 11544 -22828 -6944 -3822 -5868  -3845  2041
10 12193492 851 13456 -21572 -7634 -4981 -6359  -5195  2003
10 12203534 -2281 13244 -19164 -8092 -5786 -6657  -6394  1952
10 12213598 -3741 10732 -17580 -8354 -6324 -7066  -7333  1888
10 12223683 -2373 7312 -15444 -8453 -6762 -7410  -7985  1815
10 12233740 -2117 4556 -11868 -8274 -7173 -7668  -8361  1736
10 12243810 -3225 1908 -8516 -7945 -7477 -7828  -8482  1652
10 12253951 -4469 272 -6396 -7572 -7709 -7945  -8383  1568
10 12263989 -5081 -236 -4944 -7080 -7747 -7857  -8115  1485
10 12274046 -4329 -1480 -4656 -6629 -7455 -7732  -7727  1404
10 12284173 -5765 -724 -4080 -6077 -6960 -7471  -7263  1327
10 12294182 -5149 -1456 -3080 -5100 -6186 -6723  -6723  1255
10 12304383 -4849 -1400 -2684 -3720 -5126 -5469  -6034  1188
10 12314334 -5397 -1284 -1152 -2749 -4484 -4563  -5153  1128
10 12324442 -3773 -3536 264 -2283 -4118 -4001  -4174  1077
10 12334488 -1537 -5192 -32 -2063 -3798 -3683  -3276  1035
10 12344557 187 -6988 -184 -1836 -3317 -3363  -2577  1002
10 12354782 4155 -7476 -1568 -1569 -2840 -2924  -2086  977
10 12364693 6971 -7628 -4280 -1361 -2491 -2723  -1747  956
10 12374776 8159 -8208 -5588 -761 -2473 -2506  -1477  939
10 12384882 8511 -6684 -5616 197 -2651 -2210  -1148  924
10 12394954 4787 -3484 -1484 811 -2758 -1977  -672  913
10 12405138 1251 -5196 2204 827 -2438 -1801  -116  906
9 12414758 587 -10036 3124 1178 -1944 -1459  390  905
10 12424851 3375 -10520 2212 1833 -1584 -1014  832  909
10 12434951 5595 -7216 -140 2299 -1503 -773  1272  917
10 12444993 8619 -5252 -380 2516 -1568 -878  1713  929
10 12455034 9695 -3360 -164 2893 -1682 -1173  2123  947
10 12465175 7091 -740 348 3356 -1686 -1064  2505  968
10 12475200 5167 984 2552 3824 -1705 -731  2892  993
10 12485270 3515 688 6256 4267 -1190 -401  3302  1021
10 12495485 959 -1456 8588 4903 -526 -7  3744  1054
10 12505406 -969 -2288 7748 5818 276 800  4257  1091
10 12515476 -2909 -912 6236 6554 1417 1719  4878  1134
10 12525606 -4389 676 7564 6997 2638 2397  5566  1182
10 12535667 -5377 2452 7004 7260 3565 2962  6224  1238
10 12545711 -3493 2984 5064 7139 4385 3276  6748  1300
10 12555781 -2909 3812 4796 6945 5270 3201  7065  1367
10 12565876 -4237 5056 4044 6810 5868 2868  7166  1437
10 12575938 -4477 6332 3104 6793 6292 2465  7120  1508
10 12586108 -4121 7020 1592 6856 6736 2336  7017  1579
10 12596058 -2513 9480 -824 6702 6960 2169  6916  1649
10 12606178 -2641 12752 -2604 6494 7188 1750  6812  1718
10 12616237 -4637 15592 -4012 6413 7420 1527  6692  1786
10 12626294 -6957 17596 -4032 6500 7618 1502  6578  1852
10 12636383 -9665 18400 -3312 6459 7414 1526  6500  1918
10 12646440 -10189 17884 -3740 6305 6974 1582  6449  1982
10 12656500 -8693 16676 -4356 6118 6587 1470  6386  2046
10 12666624 -8357 15500 -5676 5896 6350 1356  6285  2110
10 12676767 -8777 14684 -7332 5591 6144 1533  6132  2172
10 12686736 -8161 12760 -8032 5255 5793 1818  5921  2233
10 12696806 -7825 11384 -9792 4876 5283 1902  5650  2292
10 12706910 -7373 10524 -11592 4396 4819 1810  5322  2349
10 12716998 -7889 10688 -13908 3758 4519 1596  4926  2402
10 12727012 -8461 11924 -15352 2998 4215 1227  4439  2451
10 12737131 -5689 11392 -15892 2276 4013 878  3851  2495
10 12747203 -2009 9856 -15596 1951 4080 370  3210  2533
10 12757276 -2809 11348 -17644 1816 3952 -276  2618  2565
10 12767349 -4361 14096 -20192 1520 3755 -762  2146  2591
10 12777413 -5261 16156 -21920 1128 3590 -752  1776  2612
10 12787504 -6237 16336 -21724 676 3576 -308  1444  2630
10 12797553 -7929 16304 -22380 118 3659 406  1092  2644
10 12807747 -9869 15808 -21328 -586 3737 1120  674  2655
10 12817715 -7165 12824 -18812 -1225 3793 1597  166  2662
10 12827788 -2285 9740 -17292 -1517 4010 1763  -395  2664
10 12837850 519 9792 -17912 -1626 4070 1559  -917  2660
10 12847975 3479 9228 -19728 -1801 3857 935  -1328  2651
10 12857986 4539 11016 -20520 -2000 3592 0  -1627  2637
10 12868062 2123 13492 -22216 -2515 3042 -747  -1872  2621
10 12878181 483 14648 -21200 -3260 2319 -1193  -2162  2603
10 12888226 3023 14372 -20196 -3790 1708 -1564  -2563  2581
10 12898300 583 15884 -19612 -4043 1138 -1849  -3041  2556
10 12908342 1627 18596 -19916 -4272 401 -2085  -3506  2525
10 12918437 1075 19168 -20092 -4684 -280 -2353  -3917  2490
10 12928536 -2897 18920 -20228 -5365 -868 -3018  -4311  2451
10 12938606 -5885 19840 -18060 -6231 -1562 -4006  -4770  2409
10 12948697 -5577 20800 -17064 -7220 -2207 -5084  -5362  2361
10 12958738 -3689 17656 -14944 -8005 -2663 -6134  -6093  2308
10 12968812 -3461 12240 -12200 -8222 -3093 -7358  -6872  2247
12 12980858 -5593 12668 -11412 -8314 -3799 -8329  -7549  2179
8 12989003 -7561 12684 -9620 -8410 -4253 -9046  -8034  2104
10 12999048 -9777 13000 -6432 -8235 -4458 -9448  -8317  2024
12 13011098 -11413 14840 -6936 -7860 -4495 -9548  -8398  1941
8 13019207 -8385 14636 -7752 -7370 -4441 -9573  -8277  1857
10 13029254 -6613 13808 -8904 -6968 -4366 -9419  -7988  1775
12 13041598 -3389 10740 -10504 -6664 -4055 -9087  -7600  1696
7 13049124 -21 6076 -10556 -6443 -3516 -8599  -7192  1620
10 13059201 -2541 1356 -7928 -6313 -2865 -8310  -6827  1548
12 13071352 -4737 -2448 -5356 -6022 -2424 -7963  -6526  1481
8 13079318 -5153 -7776 -3456 -5256 -1951 -7073  -6234  1416
10 13089407 -6553 -6784 -2400 -4558 -1692 -6216  -5853  1354
12 13101546 -5521 -5880 -3860 -4247 -1528 -5877  -5372  1295
8 13109524 -5009 -5288 -3584 -3945 -1326 -5756  -4870  1242
10 13119648 -3529 -5584 -4572 -3601 -1202 -5606  -4410  1193
12 13132190 -441 -8080 -5224 -3261 -1297 -5481  -4002  1150
7 13139788 323 -10896 -5140 -2886 -1281 -5286  -3631  1110
10 13149830 903 -12012 -4572 -2253 -1586 -4766  -3259  1074
12 13161998 1599 -12028 -5456 -1707 -1716 -4173  -2840  1041
7 13169987 1835 -11480 -5744 -1376 -1618 -3680  -2375  1013
10 13180406 2587 -10980 -6120 -1209 -1383 -3313  -1925  989
10 13190199 2371 -11376 -6996 -1123 -656 -3027  -1551  970
10 13200226 2751 -11624 -5800 -982 60 -2752  -1277  955
10 13210300 4547 -11168 -5944 -850 299 -2562  -1085  942
12 13222537 5027 -11196 -6476 -825 550 -2369  -949  931
7 13230437 5011 -11992 -5152 -806 588 -2237  -860  922
10 13240478 5767 -14304 -4048 -829 492 -2036  -811  913
10 13250623 4943 -16716 -1444 -939 589 -1856  -802  905
10 13260695 2315 -15564 212 -1082 651 -1563  -837  897
10 13270739 2859 -14684 -1320 -1123 532 -1172  -910  889
10 13280848 3839 -13892 -2444 -958 459 -748  -984  880
10 13290854 5219 -12700 -4004 -587 455 -300  -993  870
10 13300977 4279 -12312 -4940 -119 673 202  -881  860
10 13311097 5375 -13032 -3896 358 754 677  -628  851
10 13321081 4355 -13888 -2604 799 814 1063  -260  845
10 13331205 4023 -14696 -1776 1111 882 1444  168  843
10 13341267 4543 -14516 -1664 1335 1013 1722  594  844
10 13351324 2535 -13840 -1220 1508 1231 2068  966  850
10 13361387 767 -13436 -1412 1555 1383 2308  1257  860
10 13371501 2335 -13128 -2988 1588 1389 2492  1456  872
10 13381560 3699 -12248 -4132 1730 1434 2687  1581  887
10 13391630 1131 -9976 -4756 2088 1576 2979  1687  902
10 13401757 -2009 -7488 -5820 2382 1683 3595  1835  919
10 13412107 523 -7460 -6896 2714 1599 4013  2045  938
10 13421836 -441 -6828 -8004 3143 1794 4424  2319  958
10 13431991 -2729 -6948 -7352 3540 1944 4885  2652  981
10 13442026 -2577 -8252 -6788 3929 2013 5240  3028  1007
10 13452072 -3381 -7216 -7100 4385 2277 5504  3431  1037
10 13462232 -5109 -4300 -6504 4823 2536 5874  3853  1072
10 13472231 -5913 -1864 -5688 5398 2857 6514  4298  1110
10 13482278 -5925 300 -5116 6175 3071 7272  4791  1153
10 13492387 -6577 2952 -6408 7076 3102 7850  5376  1200
10 13502609 -8485 6140 -7596 7852 2922 8365  6067  1254
10 13512537 -9753 7736 -7496 8453 2793 8811  6822  1314
10 13522634 -10973 7924 -7092 8882 2557 9056  7561  1382
10 13532654 -10241 8564 -6744 9198 2324 9052  8214  1457
10 13542749 -10565 11996 -6576 9346 2284 8814  8737  1539
10 13552809 -11033 14332 -3412 9435 2375 8432  9113  1626
10 13562860 -12893 17032 -1864 9465 2252 7842  9350  1717
10 13572978 -12077 16732 -2452 9205 1940 7159  9459  1810
10 13583068 -9349 15064 -4728 8692 1676 6489  9417  1904
10 13593138 -5809 13084 -6372 8132 1499 5983  9201  1997
9 13602854 -3081 13272 -12824 7592 1029 5425  8824  2089
10 13612987 939 14464 -16740 6814 904 4534  8319  2177
10 13623016 -4045 16416 -16064 6240 1421 4238  7718  2259
10 13633118 -837 18208 -17880 5930 1179 3945  7088  2336
10 13643194 1983 18396 -19308 5585 1105 3515  6513  2407
10 13653249 1151 18292 -18956 5329 956 3253  6031  2472
10 13663324 1055 17196 -19392 5064 538 3215  5641  2532
10 13673399 1859 15676 -21004 4639 151 3055  5313  2588
10 13683641 2043 14384 -21108 4010 -222 2765  4982  2641
10 13693502 1531 14360 -21316 3248 -607 2568  4574  2690
10 13703602 1379 14512 -21300 2427 -1052 2403  4043  2736
10 13713719 1027 14436 -21164 1509 -1354 2186  3381  2776
10 13723762 1371 15420 -21756 568 -1647 1959  2601  2809
10 13734175 1635 16476 -22824 -437 -2307 1744  1726  2835
9 13743878 4827 15272 -22620 -1478 -3225 1499  778  2853
10 13753973 4983 14084 -22348 -2264 -4004 1178  -203  2860
10 13764093 2431 14260 -22796 -3024 -4772 947  -1163  2858
10 13774295 1371 13980 -24544 -3684 -4793 849  -2054  2847
10 13784203 2243 13424 -25328 -4190 -3924 1122  -2851  2826
10 13794298 3815 12328 -22320 -4764 -3386 1413  -3546  2798
10 13804348 4671 11056 -19884 -5192 -3088 1493  -4151  2763
10 13814418 5199 11604 -17380 -5461 -3032 1575  -4670  2721
10 13824534 7623 11584 -15960 -5709 -3027 1631  -5096  2675
10 13834579 5751 13684 -14060 -5971 -3186 1628  -5438  2624
10 13844654 5499 13924 -12244 -6386 -3463 1706  -5733  2570
10 13854756 6539 14040 -11640 -6768 -3671 1760  -6028  2513
10 13864790 8415 14940 -11024 -7113 -3936 1908  -6346  2453
10 13874860 9067 14612 -11044 -7440 -4188 1952  -6683  2390
10 13884974 8975 14536 -11160 -7876 -4638 1942  -7033  2323
10 13895049 7863 14172 -10768 -8279 -4918 1843  -7402  2253
10 13905096 8503 15252 -7872 -8396 -4977 1626  -7771  2180
10 13915192 7907 16152 -8568 -8458 -4976 1345  -8088  2102
10 13925255 8503 15664 -9564 -8771 -4740 788  -8335  2022
10 13935302 9127 15504 -8704 -9100 -4168 -39  -8555  1939
10 13945386 10315 15196 -5764 -9213 -3367 -962  -8777  1854
10 13955754 9903 13864 -2452 -9073 -2370 -1751  -8969  1767
10 13965538 5939 11504 1252 -8519 -1812 -2018  -9048  1677
11 13977254 3427 8216 3400 -7773 -1763 -1974  -8924  1587
8 13985678 5239 4412 2980 -7146 -1991 -1792  -8570  1499
10 13995794 8043 -404 1540 -6906 -2120 -1567  -8065  1413
11 14007481 9911 -5064 1116 -6956 -1672 -1321  -7563  1333
8 14015884 9567 -8508 2448 -7230 -1201 -1085  -7206  1258
10 14026003 7431 -10272 5024 -7341 -1034 -883  -7054  1186
11 14037859 7107 -11928 7644 -7117 -1124 -875  -7045  1116
8 14046113 6075 -11200 8212 -6547 -997 -1039  -7037  1046
10 14056190 3535 -5176 8284 -6068 -810 -1185  -6907  976
11 14067988 2363 568 5752 -5936 -376 -1193  -6650  907
8 14076326 1047 4004 3904 -5866 328 -1117  -6355  841
10 14086396 611 4296 2172 -5674 1013 -949  -6092  778
11 14098217 123 1436 1380 -5382 1475 -642  -5864  717
8 14106587 1699 -4352 -132 -5044 1790 -269  -5636  659
10 14116632 4391 -10468 -716 -4664 2168 4  -5379  603
12 14129140 3091 -12364 292 -4132 2096 144  -5069  549
7 14136790 2539 -12240 1104 -3699 1509 384  -4695  499
10 14146838 6567 -14144 2852 -3419 1288 479  -4281  452
11 14158744 11935 -10876 5556 -3092 1676 29  -3875  410
8 14167026 8311 -3952 5392 -2979 2289 -419  -3510  371
10 14177094 14107 -2356 3676 -2781 2841 -698  -3210  336
11 14188956 12527 1316 1748 -2323 3266 -869  -2952  304
8 14197214 13179 420 1232 -1703 3100 -502  -2665  275
10 14207309 11987 56 -1372 -1227 2855 -98  -2296  248
12 14219579 9063 -416 -3188 -1486 2574 386  -1905  225
7 14227420 8355 -2552 -1976 -2455 2316 658  -1678  206
10 14237539 6283 -4864 2468 -3457 2475 946  -1796  190
11 14249429 8215 -7860 5400 -3863 2871 937  -2252  172
8 14257656 10307 -6016 3912 -3539 3177 839  -2826  150
10 14267726 8111 -4304 1548 -2814 3296 929  -3227  121
11 14279687 5475 -4240 -524 -2008 3207 1207  -3276  89
8 14287862 4283 -5788 -764 -1475 3229 1753  -2972  57
10 14297953 2623 -6940 -1904 -919 3486 2424  -2441  27
11 14309951 -37 -6876 -2356 -258 3772 3184  -1804  3
8 14318118 -2645 -6532 -2208 477 4088 3889  -1118  -14
10 14328168 -1997 -7372 -1708 1246 4410 4198  -403  -25
12 14340192 -3409 -6436 -3060 1984 4669 4211  335  -29
8 14348333 -4185 -4228 -5184 2613 4763 4249  1077  -26
10 14358374 -5345 -3148 -6220 3311 4739 4434  1802  -15
12 14370399 -7509 -5348 -4920 4467 4401 4896  2539  2
8 14378562 -7465 -8888 -1324 5589 3935 5375  3361  27
10 14388633 -8921 -10980 680 6294 3778 5444  4273  60
12 14400638 -9285 -9236 2812 6447 3921 5130  5157  103
8 14408750 -8001 -5584 1256 6300 4413 4632  5849  154
10 14418845 -8997 -1660 -516 6054 5053 4449  6249  212
12 14430902 -8573 864 -1256 6053 5781 4653  6378  275
8 14438977 -7729 2744 -2500 6378 6298 4839  6365  338
10 14449026 -9949 5088 -5172 6899 6477 5135  6376  401
12 14461108 -11193 8448 -7400 7383 6298 5766  6518  465
8 14469192 -12337 10812 -10264 7791 6008 6464  6805  530
10 14479376 -11521 12244 -10036 8120 6023 7112  7183  597
12 14491372 -12121 11936 -10156 8424 5518 7779  7590  669
8 14499398 -12465 11756 -10000 8669 4704 8047  7978  744
10 14509490 -17213 14000 -7504 8797 3672 7858  8316  824
12 14521608 -19213 12040 -6316 8330 2228 6739  8545  906
8 14529710 -13841 5768 -5712 7457 821 4472  8553  991
10 14539704 -5989 3376 -10868 6513 344 2713  8255  1077
12 14551872 -5529 4424 -13832 5508 419 2067  7658  1159
8 14559869 -5665 6512 -16076 4721 656 2274  6845  1235
10 14569938 -4097 8872 -18828 4055 564 2817  5944  1303
12 14582078 -3717 9180 -21576 3376 370 3284  5061  1362
7 14590098 -3485 8936 -22808 2964 -193 3514  4260  1412
10 14600171 -2557 9832 -23532 2682 -795 3463  3588  1455
12 14612337 -3329 12244 -23452 2418 -1405 3297  3067  1491
7 14620311 -4301 14216 -22840 2122 -2065 3148  2674  1521
10 14630381 -7513 17588 -21924 1803 -2664 2858  2361  1548
10 14640529 -8653 19640 -22184 1146 -3261 2373  2059  1571
10 14650521 -7673 19312 -22344 331 -3642 1876  1676  1592
10 14660639 -5957 18164 -21648 -368 -3770 1636  1163  1608
10 14670718 -5513 17864 -20548 -823 -3837 1706  555  1620
10 14680756 -4305 15656 -20500 -1072 -3994 1936  -54  1625
10 14690798 -3949 14896 -20964 -1337 -4089 2115  -581  1625
10 14700969 -4873 14812 -21412 -1643 -4253 2090  -1005  1619
10 14710992 -4841 14912 -21548 -2062 -4534 1869  -1360  1609
10 14721027 -3721 15988 -21520 -2612 -4779 1633  -1704  1596
10 14731167 -2849 15560 -22280 -3257 -4845 1372  -2097  1579
10 14741194 -1857 15140 -22624 -3973 -4607 1193  -2577  1558
10 14751268 -2553 15932 -21556 -4616 -4290 1124  -3146  1532
10 14761546 -1877 16496 -21472 -5139 -3906 1073  -3770  1501
10 14771426 -533 15624 -21096 -5341 -3439 1005  -4374  1463
10 14781500 835 13980 -18576 -5121 -2867 1018  -4856  1420
10 14791599 -1233 14548 -15892 -4501 -1913 1022  -5099  1371
10 14801654 -3713 16096 -13180 -3905 -1876 1061  -5039  1321
10 14811706 -2701 15112 -12836 -3325 -2189 1144  -4709  1271
10 14821825 -1601 13984 -13016 -2740 -2198 1102  -4199  1224
10 14831850 -2361 14344 -12312 -2355 -2131 992  -3608  1182
10 14841969 -3069 15124 -11460 -2331 -2265 819  -3050  1146
10 14852079 -2953 15568 -10936 -2531 -2254 443  -2640  1116
10 14862057 -2237 15120 -9844 -2745 -2453 33  -2442  1089
10 14872175 -1741 14064 -9876 -2863 -2374 -392  -2436  1065
10 14882236 -2833 13340 -7828 -2979 -2234 -652  -2548  1041
10 14892314 -1641 11852 -7100 -3015 -2155 -757  -2705  1016
10 14902362 15 10700 -7680 -2882 -1989 -642  -2841  989
10 14912493 2299 8800 -7512 -2492 -1666 -317  -2891  960
10 14922528 2827 8772 -8800 -1935 -1027 13  -2792  932
10 14932598 591 9220 -9948 -1614 -598 351  -2536  904
10 14942837 -1229 9460 -10348 -1663 -235 553  -2206  879
10 14952730 -1613 9512 -9284 -1863 201 592  -1933  857
10 14962804 -1925 11076 -8536 -2243 531 598  -1814  837
11 14974258 -461 11660 -7636 -2684 693 543  -1884  819
8 14982993 -889 11024 -7864 -3004 811 496  -2120  801
10 14993040 2151 6912 -5924 -3024 987 279  -2436  780
11 15004469 3683 5632 -4492 -2692 1100 -108  -2701  755
8 15013200 1387 6064 -5432 -2272 640 -186  -2801  728
10 15023268 1343 6936 -6456 -1935 257 98  -2706  701
11 15034840 315 8140 -6924 -1833 106 420  -2474  674
8 15043386 19 8192 -6008 -1868 -3 597  -2214  649
10 15053506 -433 7792 -4308 -1708 97 724  -2000  627
11 15064991 -993 7608 -3140 -1541 -105 768  -1832  607
8 15073622 -2701 6964 -2116 -1358 -750 809  -1683  589
10 15084057 1627 5960 -324 -1318 -1087 670  -1543  572
11 15095227 1467 4860 1276 -1490 -937 268  -1439  557
8 15103849 963 5336 872 -1759 -1166 6  -1416  543
10 15113973 3751 4952 -1840 -1952 -1422 10  -1494  528
11 15125686 2983 5896 -5088 -2173 -1648 232  -1651  514
8 15134064 1643 6448 -4336 -2248 -1811 559  -1847  497
10 15144134 2323 6784 -3548 -2186 -1708 753  -2026  479
11 15155678 1211 5848 -2760 -2067 -1732 762  -2139  459
8 15164377 1655 6488 -1864 -1927 -2189 570  -2165  437
10 15174340 3043 6056 1472 -1683 -2407 369  -2104  416
11 15185942 5651 4748 3700 -1275 -1727 287  -1954  395
8 15194529 7319 2672 3508 -801 -449 271  -1704  375
10 15204604 6691 872 2188 -425 475 233  -1364  358
12 15216892 4279 136 1876 -336 758 207  -989  345
7 15224741 3555 864 -268 -561 541 130  -679  335
10 15234808 3475 1868 -3468 -993 161 5  -533  328
11 15246412 3267 1748 -4324 -1475 -94 -66  -600  323
8 15255032 3387 1168 -2944 -1858 -305 -176  -857  317
10 15265043 3331 1568 -500 -1901 -445 -376  -1210  309
11 15276676 3063 3136 888 -1744 -520 -617  -1528  296
8 15285158 3155 4288 1352 -1509 -428 -863  -1712  281
10 15295303 3711 3304 2040 -1145 -345 -1044  -1725  264
11 15307236 5347 1536 1748 -685 -275 -1021  -1567  247
8 15315386 7059 44 364 -359 -176 -812  -1272  231
10 15325511 7871 -180 -1340 -250 -198 -358  -919  219
11 15337170 7203 80 -1776 -286 -91 55  -602  210
8 15345628 5255 168 -1928 -385 -46 290  -390  204
10 15355670 4375 296 -2500 -601 -332 431  -309  200
11 15367379 4335 1160 -2108 -899 -576 518  -360  197
8 15375864 4147 2256 -1032 -1131 -547 543  -521  193
10 15385934 -1633 10916 -20764 -888 2621 331  -720  188
12 15398016 3299 4000 -1432 -1444 1210 41  -902  181
8 15406067 3775 3144 144 -1303 805 -45  -1075  172
10 15416140 2155 532 1900 -1015 679 -35  -1198  161
11 15427881 4267 72 2120 -641 747 14  -1194  149
8 15436682 4307 184 -196 -298 777 95  -1045  137
10 15446376 3407 1364 -432 -151 835 99  -795  127
11 15458111 2895 1676 592 -172 705 -20  -529  119
8 15466535 2243 600 664 -152 546 -43  -320  114
10 15476577 2567 540 -204 -34 547 1  -182  111
11 15488375 2363 1160 -200 87 645 98  -84  109
8 15496720 1687 1384 508 165 723 149  -1  108
10 15506842 2359 1400 -272 207 743 195  75  108
11 15518639 2431 1604 -664 236 820 242  141  109
8 15526929 1739 1660 -360 229 907 252  192  110
10 15537047 1067 2424 212 146 890 192  217  112
11 15548826 763 2264 592 127 766 149  213  114
8 15557164 1859 3088 -384 248 746 132  197  116
10 15567288 107 1492 1520 303 603 141  200  118
11 15579062 1251 536 788 309 229 151  225  120
8 15587396 1295 2112 -68 429 255 45  266  122
10 15597470 1143 2216 -192 526 354 4  325  125
11 15609326 1351 2100 -672 546 411 1  398  128
8 15617632 1867 740 -668 451 405 -41  460  132
9 15627364 1579 1300 -244 305 399 -13  480  137
11 15639248 1199 2436 -252 182 400 -23  442  142
8 15647553 1031 3056 -768 139 439 -39  362  146
10 15657627 1339 2964 292 280 493 -105  281  150
11 15669484 939 1372 3080 700 493 -225  266  152
8 15677759 1079 1440 2864 1378 239 -333  394  155
10 15687806 -597 1420 4760 2185 -98 -321  721  159
11 15699748 -1081 2344 3288 3253 -380 -219  1268  166
8 15707979 -453 1424 -3568 2869 -1216 -408  1931  179
10 15718065 2343 3456 -6972 2309 -206 -244  2446  198
11 15729984 -33 5464 -7196 1443 436 -198  2601  222
8 15738182 115 5572 -6388 431 170 -221  2342  248
10 15748277 643 6544 -7032 6 1176 -385  1759  272
11 15760190 3115 3852 4368 -19 1346 -556  1072  289
8 15768388 319 3524 1456 19 1308 -677  498  300
10 15778507 1255 4812 -208 -201 627 -735  115  305
11 15790449 -953 3532 5504 221 -457 -473  -85  306
8 15798757 631 4760 -1772 441 -135 -298  -98  305
10 15808694 -433 5444 -1348 474 19 -128  28  304
11 15820683 -1641 4972 440 439 -22 -54  196  304
8 15828830 -165 5468 -1552 352 -43 12  327  306
10 15839090 531 5744 -3004 123 -31 8  379  309
11 15850922 -565 4672 -400 -12 -28 -42  337  313
8 15859090 -853 5028 -988 -8 -38 -106  235  317
10 15869136 -93 5076 -668 38 -90 -249  130  319
12 15881183 -889 5624 -2348 -26 -179 -372  54  320
8 15889387 675 4648 -2516 -41 -23 -177  4  321
10 15899342 155 5528 -3700 -57 -53 -126  -28  321
12 15911445 39 5536 -1688 -23 -33 -144  -46  321
8 15919530 1839 3148 -1732 -11 -6 17  -48  320
10 15929602 979 4708 -1792 -41 -5 0  -42  320
12 15941634 -841 4784 -908 -32 19 16  -36  319
8 15949718 71 4772 16 -35 -14 119  -34  319
10 15959813 4699 4396 -780 35 7 80  -28  318
12 15971946 823 4916 -1240 6 114 -8  -15  318
8 15979945 159 4880 -624 4 -22 3  -2  318
10 15990042 7 5072 -924 3 -43 -1  4  318
11 16001140 79 4936 -764 3 14 -2  7  318
9 16010188 -69 4928 -460 -1 2 -1  6  318
10 16020251 107 5024 -1012 0 -13 -2  4  318
11 16031376 235 4980 -828 -4 -1 4  2  318
9 16040366 -9 4972 -588 -1 -1 -1  0  318
10 16050494 27 5020 -620 -2 -6 2  -1  318
11 16061715 203 4980 -748 -3 4 2  -2  318
8 16070625 611 4752 -796 2 -5 -14  -2  318
10 16080700 1867 4140 -1588 -25 30 -86  -3  318
11 16091846 1879 3820 -312 -47 -75 -515  -9  318
8 16100837 511 4196 -596 -49 -239 -797  -20  318
10 16110878 243 5524 -784 -229 -359 -1010  -44  318
11 16122417 -121 6912 -3956 -657 -473 -1026  -121  317
8 16131072 -781 7056 -5952 -1149 -197 -779  -301  316
10 16141137 -2977 6172 992 -1442 -48 -456  -591  313
11 16152906 -1545 6320 816 -1437 -66 -98  -920  307
8 16161254 -149 4752 -2472 -1395 46 194  -1192  298
10 16171349 -1193 4440 -628 -1280 216 600  -1354  286
11 16182581 -2389 3500 2052 -1125 235 961  -1398  273
8 16191518 2399 4904 -3100 -1030 222 1074  -1347  259
10 16201584 1875 2824 -3064 -1140 252 1040  -1253  246
11 16212839 627 2024 -604 -1253 181 756  -1184  233
8 16221724 -229 2196 412 -1389 55 523  -1176  221
10 16231794 519 1892 -408 -1415 91 541  -1222  210
11 16243163 495 1596 -436 -1352 130 537  -1287  197
8 16251924 51 1136 744 -1252 94 448  -1329  185
10 16262030 355 488 -96 -1169 63 510  -1326  171
11 16273602 587 1088 -964 -1117 61 493  -1285  158
8 16282166 403 1284 -708 -1134 68 496  -1227  145
10 16292236 -1457 0 276 -1143 69 493  -1177  133
11 16303549 -313 -84 336 -1102 13 513  -1144  122
8 16312401 1135 -216 -1384 -1146 -4 443  -1124  110
10 16322472 1455 424 -924 -1124 38 300  -1117  99
11 16333790 -1365 1692 1420 -1079 86 304  -1115  88
8 16342608 -641 1656 88 -1076 24 255  -1107  77
10 16352675 383 1160 -700 -1146 22 84  -1100  66
11 16364054 955 -3424 -7356 151 -834 140  -1017  55
8 16372818 1211 752 -3372 -24 -194 109  -767  45
10 16383052 1223 380 -2260 3 17 34  -449  37
11 16394260 367 72 -556 -11 64 11  -199  33
8 16403025 -585 20 944 -4 25 0  -43  31
10 16413143 -561 -48 768 -8 -14 0  30  30
11 16425026 -205 -52 112 -7 -34 1  51  30
8 16433232 415 -60 -512 -8 -12 2  43  31
10 16443326 15 -192 -144 -5 13 6  27  31
11 16454760 -273 -104 368 -7 8 4  11  32
8 16463496 -157 -60 300 0 -11 -3  0  32
10 16473508 115 -28 -104 0 -12 -1  -4  32
11 16484966 215 80 -292 3 -1 -1  -5  32
8 16493699 67 28 -320 0 7 0  -3  32
10 16503772 -73 -32 280 2 4 2  -1  32
11 16515649 -217 16 144 -1 -9 0  0  32
8 16523909 -57 12 -124 -2 -11 2  0  32
10 16533976 -1609 1760 -204 4 25 91  0  32
11 16545491 -861 -72 640 -7 40 379  0  32
8 16554167 -925 928 148 0 110 368  0  32
10 16564211 -1389 252 1092 4 25 384  0  32
11 16575929 -605 340 -72 -11 -10 419  -1  32
8 16584326 979 -828 528 -7 -38 369  -2  32
10 16594450 -301 240 -264 -12 24 383  -4  32
11 16606617 -381 252 612 -25 6 475  -8  32
8 16614555 123 -748 884 -12 -13 454  -12  32
10 16624679 235 88 -16 -15 -6 369  -15  31
11 16636223 283 -76 -196 -28 -32 340  -16  31
8 16644877 -61 124 -772 -25 -23 355  -19  31
9 16654526 1183 -608 -728 -9 -22 299  -21  31
11 16666147 607 236 -1552 -25 33 340  -20  31
8 16674717 423 -736 888 -2 -22 284  -19  31
10 16684782 483 -452 -1144 -14 -11 329  -16  30
11 16696334 -157 -20 96 3 47 269  -12  30
8 16704923 739 548 -1672 13 10 210  -7  30
10 16714996 -501 72 472 -34 44 283  -3  30
11 16726985 -5 -408 896 -11 -7 135  -5  30
8 16735133 139 4 32 -11 -27 105  -9  30
10 16745199 115 140 -188 -3 0 101  -10  30
11 16756833 -333 508 112 -5 13 91  -10  30
8 16765391 159 -252 164 -1 -5 123  -7  30
10 16775637 411 -204 -100 -3 10 17  -5  30
11 16787068 -65 -124 112 0 -1 0  -3  29
8 16795550 -69 48 -20 1 -5 -2  -1  29
10 16805694 -21 -64 -80 3 -4 0  0  29
11 16817698 43 -116 -60 2 0 1  0  29
7 16825468 -21 -40 20 -2 1 3  1  29
10 16835591 -325 -216 -16 3 -1 16  1  29
11 16847256 527 56 -136 0 -3 39  1  29
8 16855708 319 224 -192 1 7 15  1  29
10 16865750 -65 16 112 1 2 0  0  29
11 16877634 -69 -84 88 -1 -1 2  0  29
8 16885942 -13 -4 -24 2 -5 -1  0  29
10 16896014 135 -104 -100 1 -2 0  0  29
11 16907748 -33 36 -104 1 4 2  0  29
8 16916146 7 -128 192 -1 0 0  0  29
10 16926220 -33 -16 132 0 -3 -1  0  29
11 16937986 91 -16 -88 1 -4 1  0  29
8 16946409 23 -100 -4 -1 -4 3  0  29
10 16956492 -9 -4 16 -1 0 2  0  29
11 16968197 -89 84 -56 -1 1 -2  0  29
8 16976615 -57 -68 40 1 -1 -1  0  29
10 16986662 -5 -12 80 -2 -2 -2  0  29
11 16998292 35 24 -80 -1 -4 -3  0  29
8 17006796 19 -4 -172 -2 -5 -2  0  29
10 17016921 -25 -20 -36 2 0 -4  0  29
11 17028840 -29 -92 -28 7 2 -1  0  29
8 17037038 7 40 -28 -2 2 2  1  29
10 17047156 -137 -192 212 -4 -2 11  1  29
11 17058790 83 -120 -56 -1 -4 8  0  29
8 17067244 163 16 -128 5 0 3  0  29
10 17077368 75 100 -20 0 4 2  0  29
11 17089055 23 80 176 -2 1 2  0  29
8 17097635 -85 136 72 0 -4 -1  0  29
9 17107550 -73 -24 -32 -5 -8 0  0  29
11 17119262 -45 60 104 0 -3 -4  -1  29
8 17127707 11 -88 28 0 -1 0  -1  29
10 17137920 -121 20 100 -1 2 -1  -1  29
11 17149517 -13 -64 36 2 -5 1  0  29
8 17157946 75 -88 28 -2 -4 2  0  29
10 17168020 31 -48 -188 -3 -2 1  0  29
12 17180472 115 8 -108 -1 1 3  0  29
7 17188153 -45 -44 184 -1 3 7  -1  29
10 17198220 -133 36 156 -2 -14 6  -1  29
11 17209993 -4261 292 -12 10 54 89  0  29
8 17218415 -361 -496 1284 -15 -28 177  0  29
10 17228459 639 -164 -740 -6 -56 136  -1  29
11 17240255 -1469 -88 -288 1 -1 142  -3  29
8 17248574 -141 96 244 -9 -37 153  -4  29
10 17258690 79 156 -896 -9 -62 146  -5  29
12 17270892 943 -148 -1740 -4 -14 184  -6  29
7 17278780 283 -208 584 -7 -5 167  -6  29
10 17288904 1315 376 -400 6 64 117  -5  29
11 17300706 -1693 -72 1548 -4 60 122  -3  29
8 17309403 -1485 -88 1096 -12 -74 118  -2  29
10 17319086 347 396 72 -3 -32 75  -3  29
12 17331168 11 104 396 0 19 58  -4  29
8 17339272 -201 -104 -236 -9 6 67  -4  29
10 17349350 715 16 -812 -6 19 40  -4  29
12 17361594 -93 20 636 -4 -9 24  -5  29
7 17369481 379 72 -156 -3 -12 -1  -5  29
10 17379556 187 -20 -184 1 1 -3  -4  29
11 17391439 87 -44 -60 4 8 0  -2  29
8 17399774 -177 -36 196 -2 -3 0  0  29
10 17409762 47 48 16 -1 -5 1  0  29
11 17421676 95 -40 -232 -2 -2 -1  0  29
8 17429951 59 -36 -304 -1 4 -2  0  29
10 17440105 -57 16 80 -1 5 0  0  29
11 17451912 -61 -28 188 -2 -6 -1  -1  29
8 17460110 -73 -32 -148 0 -6 -1  -1  29
10 17470233 43 4 -48 -3 -5 -3  -1  29
12 17482472 159 68 -132 -5 0 0  -1  29
7 17490316 -9 -144 -40 0 3 3  -2  29
10 17500462 -65 -8 56 -2 -1 3  -2  29
11 17512382 -13 8 116 3 -2 -1  -1  29
8 17520580 51 -96 -80 2 6 -2  0  29
10 17530814 -785 64 1596 2 -26 1  0  29
11 17542642 391 20 -564 -3 -49 -2  1  29
8 17550784 847 -68 -1096 2 -11 -2  0  29
11 17562134 163 168 -696 0 25 2  0  29
10 17572881 -141 -24 248 0 12 1  0  29
