0 381460 -48 -450 13744 -33 5 2  -30  0
2 383497 -92 -452 13864 -50 7 2  -125  0
2 386008 -208 -412 13688 -31 5 0  -250  -2
2 388617 -168 -452 13856 -32 3 3  -350  -3
2 391215 -160 -536 13640 -33 3 0  -422  -5
2 393797 -192 -424 13764 -35 3 0  -469  -8
6 400553 -152 -544 13768 -34 7 -1  -492  -10
10 410649 -104 -476 13652 -31 3 -1  -502  -12
10 420720 -164 -420 13836 -34 6 3  -500  -14
10 430739 -172 -492 13640 -33 0 2  -486  -17
10 440793 -232 -448 13812 -33 2 0  -474  -19
10 450911 -224 -528 13852 -33 4 1  -470  -21
10 460955 -108 -460 13760 -35 2 -1  -474  -23
10 471028 -180 -536 13680 -35 6 -1  -481  -25
10 481271 -204 -472 13780 -32 0 -1  -490  -27
9 490853 -132 -508 13916 -32 5 -1  -495  -29
10 500950 -80 -548 13728 -37 4 1  -501  -32
10 511022 -192 -456 13836 -33 4 1  -507  -34
10 521113 -180 -372 13712 -33 4 1  -496  -36
10 531154 -224 -536 13704 -36 5 0  -475  -38
10 541228 -96 -476 13668 -34 4 -3  -467  -40
10 551298 -144 -468 13732 -34 6 -1  -470  -42
10 561418 -92 -356 13756 -30 3 1  -463  -44
10 571610 -160 -460 13628 -37 6 1  -446  -46
10 581534 -16 -496 13904 -33 7 0  -438  -48
10 591623 -116 -528 13664 -31 4 -3  -450  -50
10 601670 -168 -420 13812 -34 7 0  -466  -52
10 611761 -48 -532 13788 -32 6 0  -475  -54
10 621810 -136 -516 13624 -31 5 0  -485  -56
10 631931 -172 -428 13760 -31 4 -2  -493  -59
10 641976 -208 -448 13848 -33 5 -1  -486  -61
10 652046 -92 -424 13736 -33 5 1  -469  -63
10 662134 -204 -436 13684 -33 5 -1  -453  -65
10 672182 -60 -488 13828 -35 3 3  -444  -67
10 682252 -92 -520 13784 -32 2 1  -451  -68
10 692371 -132 -484 13672 -37 5 1  -467  -70
10 702441 -156 -440 13584 -35 4 0  -478  -73
10 712488 -128 -408 13532 -34 5 -1  -473  -75
10 722558 -160 -436 13704 -34 4 -1  -457  -76
10 732653 -68 -408 13852 -34 4 0  -441  -78
10 742745 -116 -468 13868 -34 6 0  -431  -80
10 752922 -140 -388 13732 -32 0 2  -427  -82
10 762882 -140 -504 13816 -32 4 0  -428  -84
10 772954 -108 -540 13796 -32 2 0  -444  -86
10 783028 -140 -468 13792 -35 3 2  -468  -88
10 793095 -88 -448 13876 -31 6 1  -482  -90
10 803165 -76 -520 13616 -33 4 0  -484  -92
10 813227 -136 -508 13792 -34 8 0  -489  -94
10 823305 -92 -468 13772 -33 7 0  -494  -96
10 833423 -132 -532 13836 -33 5 1  -496  -98
10 843595 -180 -420 13644 -36 2 -1  -494  -100
10 853540 -192 -476 13692 -32 6 -1  -485  -102
10 863603 -64 -488 13832 -36 4 2  -475  -104
10 873706 -96 -464 13840 -35 5 -2  -472  -106
10 883776 -144 -468 13796 -34 7 1  -471  -108
10 894166 -128 -464 13700 -34 4 2  -468  -109
10 903933 -116 -440 13660 -33 5 1  -465  -111
10 913977 -128 -480 13680 -34 5 0  -461  -113
10 924052 -108 -420 13732 -35 5 -3  -457  -115
10 934115 -148 -488 13856 -34 4 0  -454  -117
10 944189 -196 -384 13828 -33 4 1  -450  -119
10 954288 -128 -440 13780 -34 0 0  -442  -121
10 964358 -104 -516 13536 -36 6 0  -439  -122
10 974452 -36 -508 13740 -33 4 -1  -452  -124
10 984494 -60 -420 13628 -31 4 -2  -468  -126
10 994564 -152 -552 13652 -32 5 -1  -476  -128
10 1004634 -132 -512 13656 -34 8 0  -488  -130
10 1014755 -228 -468 13748 -32 3 2  -499  -132
10 1025140 -160 -424 13660 -36 1 -1  -495  -134
10 1034870 -148 -488 13748 -36 5 0  -481  -136
10 1044959 -76 -504 13680 -31 4 -1  -474  -137
10 1055006 -100 -500 13620 -34 3 -3  -478  -139
10 1065076 -60 -520 13864 -35 5 -2  -487  -141
10 1075145 -48 -496 13748 -35 5 0  -496  -143
10 1085265 -136 -492 13720 -32 3 -2  -501  -145
10 1095312 -96 -432 13688 -32 6 0  -497  -147
10 1105382 -116 -464 13848 -33 5 1  -484  -149
10 1115555 -256 -512 13848 -32 4 1  -474  -151
10 1125514 -104 -460 13800 -34 5 -1  -473  -152
10 1135588 -76 -444 13808 -35 4 -2  -472  -154
10 1145706 -204 -440 13752 -33 3 0  -464  -156
10 1155840 -152 -412 13892 -36 5 2  -453  -158
10 1165824 -104 -552 13700 -37 3 1  -448  -160
10 1175894 -124 -456 13584 -33 2 0  -458  -161
10 1185989 -92 -476 13652 -35 4 2  -469  -163
10 1196051 -168 -452 13768 -31 3 1  -473  -165
10 1206121 -24 -516 13760 -33 7 1  -474  -167
10 1216170 -24 -540 13816 -30 3 0  -483  -168
10 1226291 -76 -544 13700 -33 5 1  -501  -170
10 1236364 -92 -476 13920 -33 6 -2  -515  -172
10 1246406 -84 -528 13744 -34 6 -2  -518  -174
10 1256658 -108 -496 13904 -34 5 0  -516  -176
10 1266542 -200 -460 13680 -33 8 2  -510  -178
10 1276612 -204 -456 13776 -32 5 -2  -495  -180
10 1286756 -44 -400 14020 -36 7 3  -475  -182
10 1296801 -132 -372 13740 -34 5 -1  -448  -183
10 1306848 -96 -548 13944 -35 6 -2  -430  -185
10 1316918 -200 -412 13784 -32 6 -2  -433  -186
10 1327013 -108 -380 13848 -35 2 1  -436  -188
10 1337108 -36 -472 13808 -34 3 1  -430  -189
10 1347257 -120 -424 13788 -32 6 1  -429  -191
10 1357242 -152 -448 13824 -35 4 0  -432  -193
10 1367314 -156 -536 13728 -35 4 -1  -442  -194
10 1377388 -84 -532 13836 -35 5 -1  -465  -196
10 1387458 -176 -532 13688 -34 4 1  -493  -198
10 1397837 -192 -460 13664 -36 3 1  -510  -199
10 1407566 -180 -476 13732 -35 4 -1  -509  -201
10 1417665 -268 -504 13628 -33 3 0  -501  -203
10 1427783 -104 -388 13632 -31 4 -2  -488  -205
10 1437872 -96 -504 13940 -35 2 0  -471  -206
10 1447872 -132 -544 13744 -34 3 -1  -468  -208
10 1457942 -140 -448 13840 -33 2 1  -478  -210
10 1468065 -36 -488 13728 -35 3 1  -483  -212
10 1478136 -168 -504 13764 -34 3 -2  -484  -213
10 1488539 -64 -440 13712 -34 6 -1  -485  -215
10 1498292 -180 -448 13632 -37 3 1  -478  -217
10 1508338 -100 -428 13696 -32 7 -1  -465  -218
10 1518412 -108 -548 13724 -35 3 0  -459  -220
10 1528531 -76 -532 13828 -35 6 1  -471  -221
10 1538549 -104 -460 13684 -34 5 1  -489  -223
10 1548645 -120 -520 13744 -34 6 2  -497  -225
10 1558718 -140 -512 13736 -32 4 0  -502  -227
10 1568807 -204 -548 13720 -34 2 -1  -509  -228
10 1578903 -144 -476 13696 -34 7 2  -515  -230
10 1588924 -200 -496 13624 -33 2 1  -513  -232
10 1598994 -196 -436 13740 -35 7 0  -502  -234
10 1609113 -144 -440 13664 -32 3 -3  -484  -235
10 1619160 -52 -552 13812 -32 4 0  -472  -237
10 1629246 -192 -416 13784 -34 2 -1  -471  -238
10 1639319 -108 -480 13752 -36 6 0  -470  -240
10 1649366 -208 -432 13716 -35 7 0  -464  -242
10 1659457 -80 -460 13840 -34 3 0  -458  -243
10 1669659 -152 -452 13696 -33 -1 -3  -453  -245
10 1679601 40 -476 13488 -36 -6 -3  -453  -246
10 1689672 -2036 -1240 15340 -33 -80 -19  -509  -248
10 1699742 -1144 -664 15328 -32 -59 -6  -639  -250
10 1709837 -1092 -596 15148 -34 -28 -9  -733  -253
10 1719900 -940 -552 14980 -38 -10 -4  -737  -255
10 1729948 -728 -572 14632 -33 7 3  -692  -258
10 1740066 -592 -484 14568 -36 7 -1  -634  -260
10 1750139 -604 -516 14300 -34 14 1  -578  -262
10 1760212 -460 -548 14072 -35 15 1  -537  -263
10 1770254 -296 -492 14112 -34 16 0  -518  -265
10 1780349 -204 -424 13944 -35 13 0  -502  -267
10 1790412 -232 -500 13900 -33 10 0  -484  -268
10 1800489 -324 -528 13900 -35 11 0  -477  -270
10 1810896 -284 -444 14044 -34 11 1  -481  -271
10 1820651 -364 -480 13812 -36 5 -3  -480  -273
10 1830723 -224 -484 13968 -35 6 -2  -477  -274
10 1840766 -236 -520 13812 -31 7 -1  -480  -276
10 1850890 -164 -456 13808 -33 5 0  -485  -277
10 1861282 -256 -452 13968 -34 2 -1  -483  -279
10 1870997 -192 -564 13904 -33 3 0  -482  -281
10 1881096 -212 -440 13788 -33 2 -3  -487  -282
10 1891162 -172 -408 13584 -32 1 0  -483  -284
10 1901236 -140 -544 13804 -31 4 -2  -472  -285
10 1911278 -48 -520 13732 -35 0 1  -476  -286
10 1921373 -140 -444 13764 -34 -1 0  -486  -288
10 1931469 -180 -436 13680 -35 3 1  -483  -289
10 1941542 -88 -424 13540 -32 6 2  -469  -291
10 1951792 -56 -400 13656 -34 3 -2  -450  -292
10 1961675 -172 -424 13848 -34 4 1  -432  -293
10 1971748 -272 -520 13680 -34 3 0  -427  -295
10 1981818 -40 -440 13708 -33 6 1  -438  -296
10 1992021 -168 -580 13764 -35 6 2  -458  -297
9 2001635 -164 -488 13724 -37 5 1  -483  -299
10 2011742 -124 -508 13808 -33 4 -2  -502  -300
10 2021831 -136 -448 13648 -36 6 0  -506  -302
10 2031878 -96 -488 13688 -34 7 -1  -499  -303
10 2041948 -276 -408 13860 -33 3 -1  -484  -305
10 2052018 -296 -412 13704 -36 5 -1  -463  -306
10 2062135 -156 -456 13612 -33 4 -1  -443  -308
10 2072184 -220 -488 13684 -35 4 -1  -438  -309
10 2082283 -28 -460 13804 -35 4 1  -445  -310
10 2092343 -80 -528 13772 -33 5 1  -458  -311
10 2102386 -128 -400 13580 -34 6 1  -469  -313
10 2112460 -68 -480 13780 -35 7 1  -469  -314
10 2122578 -108 -556 13892 -34 2 0  -471  -315
10 2132938 -148 -504 13668 -32 6 1  -486  -317
10 2142696 -116 -544 13816 -32 4 0  -503  -318
10 2152766 -60 -432 13612 -31 8 1  -511  -320
10 2162861 -88 -436 13820 -36 1 0  -500  -321
10 2172928 -32 -600 13736 -31 6 0  -489  -323
10 2182972 -28 -460 13616 -33 6 2  -494  -324
10 2193090 -128 -476 13764 -34 4 -1  -497  -326
10 2203162 -256 -528 13740 -33 6 -1  -495  -327
10 2213236 -228 -432 13832 -35 6 1  -493  -328
9 2222966 -236 -436 13788 -31 6 -3  -482  -330
10 2233058 -248 -368 13720 -36 3 0  -460  -331
10 2243102 -152 -432 13664 -33 7 -2  -435  -332
10 2253201 -240 -584 13592 -31 6 0  -430  -333
10 2263290 -96 -492 13684 -37 1 1  -452  -335
10 2273362 -136 -592 13736 -34 4 2  -485  -336
10 2283408 -112 -536 13928 -32 12 2  -517  -337
10 2293478 132 -256 13676 -35 11 1  -520  -339
10 2303885 -392 -568 13800 -35 5 2  -490  -340
10 2313614 -284 -432 13816 -34 7 -1  -468  -342
10 2323684 -128 -448 13672 -34 4 2  -459  -343
10 2333808 -216 -360 13820 -31 7 1  -446  -344
10 2343874 -108 -444 13820 -37 3 0  -428  -345
10 2353920 -268 -504 13816 -36 2 -1  -424  -346
10 2363990 -192 -420 13768 -35 5 2  -433  -347
10 2374085 -232 -552 13728 -33 5 2  -448  -348
10 2384148 -228 -456 13640 -31 4 1  -467  -350
10 2394196 -192 -432 13692 -31 2 0  -476  -351
10 2404315 -232 -536 13728 -32 4 0  -477  -352
10 2414387 -140 -424 13692 -35 4 -3  -478  -353
10 2424460 -208 -392 13692 -36 4 1  -469  -355
10 2434580 -132 -408 13796 -36 6 0  -448  -356
10 2444593 -216 -400 13688 -36 4 1  -427  -357
10 2454638 -84 -380 13680 -34 4 -1  -410  -358
10 2464734 -152 -408 13908 -36 3 -1  -398  -359
10 2474855 -216 -504 13520 -35 4 0  -400  -360
10 2485022 -44 -416 13976 -34 4 0  -416  -361
10 2494972 -184 -512 13652 -32 4 -1  -435  -362
10 2505034 -28 -524 13868 -30 1 0  -458  -363
10 2515130 16 -580 13652 -32 6 0  -488  -364
10 2525283 -208 -448 13656 -33 5 -2  -512  -366
10 2535220 40 -448 13964 -32 5 0  -514  -367
10 2545339 -236 -464 13796 -32 4 -1  -498  -368
10 2555409 -136 -352 13752 -34 5 -2  -473  -369
10 2565484 -88 -432 13908 -36 6 -1  -443  -371
10 2575630 -292 -456 13544 -32 4 0  -424  -372
9 2585309 -108 -460 13900 -31 5 -1  -423  -373
10 2595401 -304 -520 13620 -31 6 -1  -436  -374
10 2605478 -104 -392 13868 -34 2 2  -451  -375
10 2615567 -24 -636 13956 -35 2 2  -467  -376
10 2625709 -200 -528 13592 -34 4 1  -495  -377
10 2635684 -44 -412 13720 -34 4 -2  -515  -378
10 2645750 -208 -440 13656 -35 4 -2  -505  -380
10 2655871 -128 -348 13876 -32 4 0  -475  -381
10 2665920 -184 -420 13776 -36 4 0  -439  -382
10 2675961 -152 -480 13644 -33 1 -1  -418  -383
10 2686079 -160 -364 13696 -34 5 0  -414  -384
10 2696126 -164 -416 13640 -30 3 -1  -410  -385
10 2706196 -248 -476 13588 -36 4 2  -411  -385
10 2716300 -28 -440 13652 -33 6 1  -422  -386
10 2726361 -228 -496 13576 -32 3 -2  -437  -387
10 2736432 -12 -504 13712 -36 6 0  -456  -388
10 2746502 -148 -504 13788 -37 5 2  -476  -390
10 2756670 -192 -492 13744 -35 7 -1  -491  -391
10 2766633 -120 -500 13756 -34 5 1  -499  -392
10 2776708 -124 -520 13740 -34 5 0  -503  -393
10 2786778 -208 -516 13772 -33 5 -1  -507  -395
10 2796898 -232 -500 13760 -32 4 0  -511  -396
10 2806939 -152 -392 13700 -33 5 -3  -503  -397
10 2817014 -112 -324 13632 -32 6 0  -472  -398
10 2827103 -84 -524 13768 -35 5 0  -437  -399
10 2837150 -148 -416 13560 -36 6 0  -426  -400
10 2847242 -244 -544 13820 -33 7 -1  -434  -401
10 2857289 -80 -472 13812 -32 3 -1  -453  -402
10 2867411 -164 -444 13764 -33 6 5  -469  -403
10 2877456 -388 -612 14312 -33 22 0  -482  -404
10 2887526 -68 -476 13712 -30 39 3  -502  -405
10 2897726 -20 -448 13664 -34 38 1  -510  -406
10 2907659 -52 -516 13560 -34 27 1  -503  -408
10 2917732 -180 -600 13892 -31 21 1  -505  -409
10 2927850 -264 -504 13856 -35 22 3  -519  -410
10 2938062 -144 -444 13892 -36 18 0  -523  -411
10 2947960 -152 -524 13736 -35 12 1  -512  -413
10 2958038 -188 -408 13768 -33 12 -2  -498  -414
10 2968127 -220 -500 13832 -33 12 2  -482  -415
10 2978174 -132 -500 13848 -34 9 0  -473  -416
10 2988244 -224 -520 13912 -33 10 0  -478  -417
10 2998313 -252 -584 13724 -33 6 0  -494  -418
10 3008434 -156 -480 13856 -35 3 -1  -514  -419
10 3018480 -276 -508 13808 -34 3 -4  -521  -420
10 3028938 -160 -420 13884 -32 5 -2  -513  -422
10 3038639 -72 -516 13828 -36 0 0  -497  -423
10 3048686 -296 -488 13732 -31 3 3  -487  -424
10 3058756 -96 -440 14000 -34 0 -1  -481  -425
10 3068896 -188 -524 13624 -33 5 1  -477  -426
10 3078943 196 -388 13884 -36 6 2  -473  -427
10 3088992 -200 -552 13800 -33 2 -1  -468  -428
10 3099062 -52 -500 13748 -32 7 3  -474  -429
10 3109157 -176 -532 13588 -33 4 -1  -489  -430
10 3119330 -124 -384 13588 -31 6 1  -495  -431
10 3129268 -76 -540 13856 -35 4 3  -487  -432
10 3139386 -276 -476 13508 -34 5 1  -484  -433
10 3149501 -84 -488 13776 -35 7 2  -485  -434
10 3159532 -168 -504 13716 -33 4 -1  -486  -435
10 3169574 -40 -460 13968 -33 5 -1  -488  -436
10 3179736 -276 -388 13676 -33 0 -3  -479  -437
10 3189710 -4 -408 13760 -34 4 -1  -456  -438
10 3199809 -152 -640 13760 -34 -1 -3  -448  -439
10 3210214 -104 -384 13844 -32 8 0  -464  -440
9 3219971 -128 -588 14000 -33 5 2  -479  -441
10 3230016 -372 -572 13732 -31 4 -2  -500  -442
10 3240113 60 -436 13888 -35 4 -3  -520  -443
10 3250209 -296 -452 13672 -33 4 0  -515  -444
10 3260222 -96 -408 13708 -33 4 -2  -492  -445
10 3270349 -52 -480 13900 -35 6 0  -468  -446
10 3280416 -364 -572 13596 -32 7 -3  -462  -447
10 3290483 -32 -412 14016 -32 7 1  -472  -448
10 3300576 -272 -552 13708 -35 5 1  -480  -449
10 3310598 -140 -408 13712 -35 7 0  -484  -450
10 3320693 -128 -540 13912 -35 3 -2  -483  -451
10 3330808 -124 -436 13696 -34 0 4  -482  -451
10 3340936 -148 -508 13868 -36 3 -2  -481  -452
10 3350922 -192 -500 13760 -36 6 0  -482  -453
10 3361019 -112 -532 13860 -33 -1 -1  -490  -454
10 3371068 -168 -408 13676 -37 2 1  -494  -455
10 3381138 -40 -484 13852 -30 2 1  -486  -456
10 3391254 -300 -360 13560 -32 5 -4  -468  -457
10 3401246 -8 -420 13780 -33 8 -3  -444  -458
10 3411343 -248 -500 13632 -34 5 1  -429  -459
10 3421511 -24 -364 13740 -34 2 -1  -427  -459
10 3431632 -92 -512 13828 -29 1 -3  -428  -460
10 3441552 -152 -380 13688 -32 5 4  -432  -461
10 3451681 224 -372 14004 -31 10 -1  -428  -461
10 3461717 -668 -944 13228 -34 -11 -12  -450  -462
10 3471837 204 -380 13200 -37 11 -3  -516  -463
9 3481576 84 -684 13392 -34 10 -1  -565  -464
10 3491634 -40 -580 13284 -36 8 2  -589  -466
10 3501707 68 -560 13592 -34 11 3  -602  -467
10 3511842 -252 -516 13528 -34 10 3  -595  -468
10 3521958 68 -364 13584 -33 7 2  -563  -470
10 3531917 -60 -548 13868 -35 5 3  -518  -471
10 3542070 -216 -580 13832 -29 1 4  -498  -472
10 3552057 -220 -504 13692 -35 4 -1  -504  -473
10 3562175 -200 -468 13728 -33 3 -1  -509  -474
10 3572237 -136 -576 13760 -34 4 1  -510  -475
10 3582292 -60 -484 13792 -32 6 1  -514  -476
10 3592355 -100 -408 13580 -33 4 0  -509  -476
10 3602499 -144 -548 13740 -35 8 0  -494  -477
10 3612550 -168 -416 13716 -32 7 -1  -484  -478
10 3622569 -12 -476 13892 -36 4 1  -474  -479
10 3632696 -128 -460 13896 -34 7 -1  -465  -480
10 3642730 -116 -464 13756 -34 8 1  -461  -481
10 3652804 -124 -488 13640 -33 6 0  -462  -481
10 3662961 -204 -512 13624 -35 6 -1  -469  -482
10 3672941 -192 -472 13864 -31 7 -1  -479  -483
10 3683040 -232 -584 13992 -34 5 -1  -491  -484
10 3693141 -180 -512 13688 -35 3 -1  -509  -485
10 3703339 -156 -468 13804 -35 4 -1  -519  -486
10 3713242 -152 -384 13780 -35 3 -2  -506  -487
10 3723316 -232 -612 13808 -32 5 -1  -489  -487
10 3733386 -148 -484 13624 -34 6 2  -491  -488
10 3743474 -152 -524 13768 -31 3 -2  -501  -489
10 3753577 -32 -480 13824 -35 3 0  -506  -490
10 3763593 -196 -520 13708 -34 4 2  -506  -491
10 3773711 -96 -488 13720 -36 4 0  -505  -492
10 3783800 -100 -488 13756 -35 4 0  -502  -493
10 3793828 -200 -492 13804 -36 5 -2  -497  -494
10 3803870 -172 -452 13808 -34 5 1  -491  -494
10 3814013 -116 -424 13992 -34 5 1  -478  -495
10 3824064 -196 -496 13852 -33 0 1  -465  -496
10 3834196 -108 -584 13692 -34 6 -4  -469  -497
9 3843926 -160 -480 13892 -33 6 -4  -488  -498
10 3853954 -136 -444 13764 -35 5 -1  -499  -498
10 3864028 -152 -536 13872 -29 2 -2  -497  -499
10 3874186 -108 -488 13848 -37 -1 1  -497  -500
10 3884186 -60 -468 13332 -32 -7 -1  -496  -501
10 3894604 -116 -432 13828 -37 -6 0  -487  -502
9 3904337 -108 -392 13744 -31 -13 -1  -468  -502
10 3914424 -80 -404 13484 -40 -2 -2  -443  -503
10 3924837 -140 -484 13640 -33 1 2  -427  -503
10 3934550 -64 -444 13708 -34 1 -2  -427  -504
10 3944609 -56 -420 13584 -36 1 0  -433  -505
10 3954730 -112 -524 13740 -31 -2 -1  -440  -505
10 3964815 -92 -556 13560 -36 -7 -1  -461  -506
10 3974846 -128 -560 13776 -34 0 -1  -493  -507
10 3984935 -64 -476 13596 -34 -1 -4  -518  -507
10 3995001 56 -464 13576 -32 -4 -3  -522  -508
10 4005052 -24 -540 13744 -35 2 1  -514  -509
10 4015255 -68 -356 13628 -34 4 1  -500  -510
10 4025243 -108 -404 13588 -35 7 0  -471  -511
10 4035288 -32 -480 13664 -35 6 1  -442  -511
10 4045358 -44 -400 13688 -33 8 -1  -430  -512
10 4055481 0 -556 13644 -33 6 -1  -433  -512
10 4065898 -200 -536 13824 -31 5 -1  -455  -513
10 4075564 -104 -440 13844 -34 7 2  -481  -514
10 4085711 -276 -440 13672 -35 8 -1  -487  -514
10 4095753 -96 -460 13848 -32 7 -1  -478  -515
10 4105947 -148 -512 13816 -31 3 0  -471  -516
10 4115870 -176 -508 13688 -35 2 -2  -476  -516
10 4125965 -164 -496 13768 -35 3 -1  -485  -517
10 4136027 -216 -492 13788 -36 2 -3  -493  -518
10 4146270 -176 -412 13896 -32 4 1  -490  -518
10 4156146 -228 -532 13708 -36 3 1  -481  -519
10 4166265 -68 -464 13800 -31 4 5  -479  -520
10 4176362 -168 -404 13784 -34 7 -2  -474  -520
10 4186382 -240 -516 13740 -32 5 0  -464  -521
10 4196471 -148 -460 13720 -34 3 -1  -463  -522
10 4206575 -152 -488 13716 -33 6 0  -467  -522
10 4216588 -64 -468 13800 -34 4 2  -471  -523
10 4226733 -96 -460 13584 -34 7 0  -472  -523
10 4236881 -52 -384 13676 -31 5 1  -465  -524
10 4246824 -44 -544 13740 -31 5 2  -456  -525
10 4256894 -132 -448 13748 -35 2 0  -458  -525
10 4267044 -12 -432 13732 -35 5 0  -462  -526
10 4277081 -124 -476 13716 -35 8 1  -459  -526
10 4287100 -248 -492 13856 -32 6 -1  -461  -527
10 4297253 -108 -320 13832 -34 5 1  -457  -527
10 4307289 -236 -408 13644 -34 2 -1  -436  -528
10 4317364 -80 -476 13616 -34 4 0  -418  -528
10 4327461 -164 -544 13648 -34 5 1  -426  -529
10 4337497 -148 -472 13688 -30 4 0  -452  -529
10 4347542 -80 -532 13768 -36 6 -1  -477  -530
10 4357698 -132 -492 13744 -33 6 0  -495  -530
10 4367864 -136 -488 13836 -34 6 -1  -504  -531
10 4377803 -140 -504 13836 -34 5 1  -504  -532
10 4387886 -108 -568 13792 -36 5 -1  -508  -533
10 4397918 -192 -532 13696 -30 3 1  -518  -533
10 4408013 -136 -516 13708 -31 2 2  -528  -534
10 4418092 -200 -444 13652 -33 7 2  -524  -535
10 4428124 -224 -524 13768 -33 7 -2  -511  -536
10 4438242 -212 -420 13628 -34 3 -2  -497  -536
10 4448355 -140 -552 13804 -35 3 -3  -486  -537
10 4458360 -188 -504 13744 -33 3 2  -487  -538
10 4468430 -228 -472 13860 -32 5 1  -493  -538
10 4478608 -88 -548 13712 -34 7 -2  -497  -539
10 4488590 -136 -408 13776 -34 7 1  -497  -539
10 4498665 -124 -492 13848 -35 5 1  -489  -540
9 4508445 -184 -540 13752 -33 1 0  -483  -541
10 4518514 -140 -508 13764 -36 6 2  -491  -541
10 4528588 -116 -512 13844 -34 6 -1  -501  -542
10 4538658 -164 -532 13812 -33 3 -1  -509  -543
10 4548724 -136 -560 13916 -34 3 -2  -519  -543
10 4558766 -172 -528 13692 -36 4 -2  -530  -544
10 4568865 -176 -556 13692 -36 3 -3  -538  -545
10 4578983 -212 -460 13760 -33 5 -1  -537  -546
10 4589135 -160 -440 13708 -34 6 -1  -521  -546
10 4599130 -196 -540 13840 -32 4 2  -501  -547
10 4609142 -100 -408 13704 -36 5 -3  -487  -548
10 4619259 -28 -468 13820 -35 3 -2  -473  -548
10 4629355 -132 -432 13752 -33 7 1  -459  -549
10 4639538 -268 -576 13848 -33 5 1  -458  -549
10 4649472 -36 -432 13748 -33 5 0  -470  -550
10 4659563 -160 -504 13668 -34 4 0  -479  -550
10 4669612 -148 -460 13624 -33 3 -1  -481  -551
10 4679682 -208 -528 13564 -32 7 -3  -484  -551
9 4689509 -244 -452 13908 -31 1 -2  -487  -552
10 4699531 -168 -476 13536 -33 3 0  -486  -552
10 4709606 -152 -468 13848 -33 0 -2  -480  -553
10 4719769 -180 -576 13572 -34 -1 -1  -482  -553
10 4729906 -128 -484 13720 -36 1 -1  -495  -554
9 4739812 -232 -504 13836 -32 3 -3  -504  -554
10 4749923 -96 -480 13624 -34 2 -1  -505  -555
10 4759999 124 -552 13984 -31 -16 -3  -505  -556
10 4770085 -2180 -828 14004 -19 -168 -25  -531  -556
10 4780175 -948 -432 14588 -35 -129 -19  -577  -557
10 4790207 -1136 -504 14856 -32 -77 -12  -588  -558
10 4800254 -1092 -576 15096 -31 -37 2  -570  -559
10 4810402 -884 -384 14956 -32 -9 5  -546  -560
10 4820760 -816 -448 14724 -32 1 6  -509  -560
10 4830490 -580 -572 14632 -32 15 3  -482  -561
10 4840590 -420 -552 14280 -31 17 1  -485  -561
10 4850630 -388 -424 14192 -37 18 2  -497  -562
10 4860797 -364 -572 14012 -32 13 1  -500  -562
10 4870799 -244 -424 13904 -34 15 -1  -501  -563
10 4880836 -224 -520 13808 -35 14 0  -497  -563
10 4890954 -144 -492 13892 -34 15 0  -493  -564
10 4901050 -40 -424 13772 -33 15 1  -488  -564
10 4911072 -164 -576 13804 -32 11 -1  -484  -565
10 4921142 -112 -356 13868 -32 10 1  -481  -565
10 4931282 -220 -496 13724 -34 10 2  -471  -566
10 4941278 -252 -392 13844 -35 9 1  -457  -566
10 4951348 -180 -460 13832 -33 7 0  -445  -566
10 4961496 -212 -540 13732 -35 8 -2  -445  -567
10 4971538 -180 -384 13676 -34 7 0  -454  -567
10 4981584 -192 -472 13720 -37 4 1  -456  -567
9 4991539 -252 -372 13808 -37 0 1  -448  -568
9 5001431 -108 -552 13800 -31 6 -2  -443  -568
10 5011478 -16 -476 13696 -36 5 -1  -453  -568
10 5021573 76 -584 13616 -34 1 2  -475  -569
10 5031693 -180 -292 13440 -34 -1 -2  -487  -569
10 5041739 -176 -412 14000 -34 1 0  -467  -570
10 5051812 -256 -548 13896 -29 3 -1  -445  -570
10 5061854 -196 -488 13824 -34 -3 -3  -450  -570
10 5071949 -304 -516 13940 -32 -6 -1  -468  -571
10 5082403 -144 -436 13884 -34 0 1  -481  -571
10 5092060 -124 -464 13912 -35 -2 -2  -481  -572
10 5102184 -88 -344 13648 -33 -1 0  -467  -572
10 5112254 -136 -392 13676 -34 1 -1  -439  -572
10 5122504 -148 -552 13632 -34 3 -2  -422  -572
10 5132366 -116 -416 13856 -34 3 0  -430  -573
10 5142489 -176 -504 13760 -30 4 0  -444  -573
10 5152552 -104 -460 13672 -33 3 0  -457  -573
10 5162630 -176 -432 13680 -34 4 1  -464  -573
10 5172718 -68 -424 13592 -32 2 0  -460  -574
10 5182763 -148 -464 13720 -37 5 1  -451  -574
10 5192836 -196 -556 13804 -36 6 3  -455  -574
10 5202906 -116 -468 13780 -35 3 0  -471  -575
10 5212973 -128 -456 13728 -33 6 -1  -482  -575
10 5223036 -176 -512 13720 -30 6 4  -484  -576
10 5233142 -108 -500 13800 -35 4 0  -488  -576
10 5243231 -228 -348 13852 -32 5 0  -483  -576
10 5253423 -164 -420 13760 -31 3 1  -459  -577
10 5263348 -96 -416 13720 -35 5 1  -434  -577
10 5273390 -244 -468 13596 -35 5 -1  -422  -577
10 5283533 -92 -584 13816 -33 4 -2  -434  -577
10 5293584 -112 -488 13768 -35 6 -3  -465  -578
10 5303617 -104 -492 13836 -31 5 -1  -490  -578
10 5313740 -144 -444 13684 -32 3 0  -498  -579
10 5323790 -160 -564 13916 -36 4 -1  -497  -579
10 5333860 -132 -504 13712 -36 5 -2  -503  -579
10 5343979 -128 -360 13648 -33 5 0  -500  -580
10 5354046 -160 -552 13868 -33 3 2  -483  -580
10 5364093 -240 -512 13760 -35 5 -1  -479  -581
10 5374166 -108 -468 13768 -33 3 0  -486  -581
10 5384289 -192 -556 13700 -35 1 -1  -493  -581
10 5394432 -96 -456 13712 -34 5 -1  -500  -582
9 5404060 -164 -512 13884 -33 5 0  -501  -582
10 5414178 -148 -588 13684 -37 5 0  -506  -583
10 5424249 -168 -448 13720 -35 5 1  -515  -583
10 5434324 -88 -480 13624 -34 5 1  -512  -584
10 5444366 -80 -420 13808 -36 4 2  -496  -584
10 5454455 -128 -428 13776 -32 3 -1  -473  -585
10 5464502 -220 -396 13724 -34 3 2  -449  -585
10 5474630 -96 -456 13860 -34 6 2  -430  -585
10 5484717 -192 -492 13664 -37 6 2  -428  -585
10 5494763 -68 -424 13788 -37 6 0  -437  -585
10 5504836 -112 -516 13740 -35 5 1  -448  -585
10 5514878 -168 -460 13568 -35 4 1  -461  -586
10 5525026 -16 -115 2 0 5 0  -446  -586
10 5535233 -24 -11 94 1 0 0  -367  -586
9 5545084 -24 -11 -6 -3 2 -2  -245  -585
10 5555208 -24 -91 154 -2 1 -1  -137  -583
10 5565336 -24 -11 -38 1 1 2  -69  -582
10 5575348 116 29 -10 -1 1 -3  -28  -580
10 5585390 72 -3 62 -1 0 1  0  -578
10 5595542 64 -51 -126 2 3 -3  8  -576
10 5605579 68 -63 22 -1 -1 -2  0  -574
10 5615654 36 45 -130 -2 2 -1  -13  -572
10 5625898 8 -63 -94 0 -2 0  -17  -571
10 5635787 24 73 -14 0 1 1  -15  -569
10 5645860 40 93 -22 -2 2 0  1  -567
10 5656013 60 -27 -58 1 0 -1  24  -565
10 5666020 16 -55 86 -1 4 2  25  -563
10 5676062 20 33 82 -2 0 0  12  -561
10 5686221 88 -67 102 1 0 0  0  -559
10 5696255 96 -7 62 2 -1 -2  -12  -558
10 5706302 8 1 -2 -2 1 0  -19  -556
10 5716512 36 -15 46 -2 2 3  -18  -554
9 5726435 16 -51 -10 -2 1 1  -18  -552
10 5736562 24 -79 -130 2 -1 1  -26  -551
10 5746672 56 -59 -66 -1 2 0  -40  -549
10 5756745 -48 -39 78 -1 1 3  -51  -547
10 5766830 32 37 34 1 -1 2  -48  -546
9 5776814 44 -47 -86 -1 2 1  -35  -544
10 5786884 -104 -23 -62 -2 1 1  -25  -542
10 5797059 0 41 182 -1 1 0  -18  -541
10 5807078 -4 -27 -74 -2 0 0  -8  -539
10 5817120 -12 -23 46 -1 0 0  -4  -537
10 5827190 -40 -43 78 0 4 0  -9  -535
10 5837337 60 5 -86 1 2 -2  -15  -534
10 5847499 -100 29 58 -1 0 -1  -14  -532
10 5857396 52 -11 2 2 -1 0  -6  -530
10 5867715 36 17 -42 -1 1 2  0  -528
9 5877585 112 33 38 1 3 1  6  -526
10 5887660 -20 57 122 -2 0 1  16  -525
10 5897728 -52 1 -78 -2 2 0  26  -523
10 5907791 -52 97 -2 -2 4 -1  33  -521
10 5918010 16 57 -130 -2 0 0  44  -519
9 5927946 -112 -15 -118 -1 0 2  50  -517
10 5938055 -12 -67 -90 -3 2 2  36  -515
10 5948099 28 21 -70 -1 2 2  12  -513
10 5958172 4 65 -70 -1 2 -3  1  -512
10 5968214 -24 -3 70 2 1 0  6  -510
10 5978330 -28 13 50 -3 -2 -1  11  -508
10 5988553 -28 -39 98 1 1 0  9  -506
10 5998420 72 5 -154 -2 3 0  2  -504
10 6008544 -132 -11 158 -2 3 -1  -4  -503
10 6018898 -48 53 -34 -2 2 1  -3  -501
9 6028684 0 -35 194 -1 3 2  2  -499
10 6038801 -40 25 86 -2 4 -2  4  -498
11 6050549 32 -39 18 -2 1 -1  2  -496
8 6058914 4 69 14 -2 3 -3  2  -494
10 6069216 36 -55 -110 -2 5 0  4  -492
11 6080910 -8 29 58 -1 0 0  3  -491
8 6089121 60 73 -98 -2 -3 -1  7  -489
10 6099196 -60 -91 118 2 1 -2  12  -487
11 6111052 44 61 -10 0 1 -1  8  -485
8 6119448 124 -55 26 -2 0 -3  2  -484
9 6129374 320 29 -30 -3 -1 -13  -1  -482
11 6141315 76 -59 -278 -3 -4 -6  -6  -480
8 6149591 1856 153 198 -1 0 -78  -2  -479
10 6159638 -288 285 1050 -2 9 -190  35  -477
12 6171950 -1624 -355 2578 5 5 -131  66  -475
7 6179770 -1164 -3 1442 2 49 -120  32  -473
10 6189895 -1036 117 1374 1 34 -81  -6  -471
11 6201815 -892 205 862 0 35 -70  8  -470
8 6210393 440 333 682 1 9 -114  70  -468
10 6220109 20 173 -530 -1 16 -168  147  -465
11 6232022 140 65 -330 -2 -27 -88  189  -463
8 6240220 -428 -115 42 4 -8 -42  168  -461
10 6250399 176 113 -302 1 6 -29  110  -458
11 6262250 556 445 -170 8 17 -66  94  -456
8 6270484 1024 545 -718 8 31 -106  166  -454
10 6280526 196 -223 -422 1 -3 -113  240  -451
11 6292521 184 -383 -690 -3 -25 -115  186  -449
8 6300657 -500 -1827 -86 4 -24 -97  -75  -448
10 6310732 504 73 -214 3 6 -107  -431  -448
12 6323120 -816 49 326 7 -29 -138  -571  -448
7 6330921 -480 61 670 6 -55 -151  -459  -448
10 6341017 -352 -191 606 3 -40 -132  -290  -448
11 6352992 32 -163 542 4 -29 -158  -175  -447
8 6361127 -832 21 1298 8 -12 -55  -113  -445
10 6371260 596 -343 722 17 24 -253  -88  -444
12 6383251 -460 229 354 10 6 -157  -84  -443
8 6391628 -916 501 1182 2 -9 -221  -17  -441
10 6401434 -768 -79 1642 5 -14 -191  91  -439
10 6411508 -972 -83 770 10 10 -164  130  -437
10 6421632 -544 9 510 11 46 -232  94  -435
10 6431723 -208 -27 98 6 62 -210  48  -433
10 6441686 604 329 -430 7 46 -225  35  -431
10 6451756 488 -39 -790 18 49 -300  60  -429
10 6461874 1392 613 -2258 5 31 -372  112  -427
10 6472008 1772 261 -2102 13 23 -391  201  -424
10 6481992 988 -1819 -770 37 30 -565  137  -422
10 6492062 -432 -3391 1278 386 -94 -456  -382  -422
10 6502186 -1824 -1547 2150 1087 -39 -6  -1178  -421
10 6512221 52 -1015 138 1679 78 136  -1694  -415
10 6522354 -944 -155 506 2102 21 560  -1702  -403
10 6532415 436 -503 434 2520 38 775  -1369  -386
10 6542457 1012 -87 -294 2763 54 784  -946  -364
10 6552532 428 -1423 10 3011 70 794  -658  -338
10 6562603 472 -83 478 3306 129 850  -565  -309
10 6573124 932 1417 -202 3510 158 765  -385  -276
9 6582710 5124 3641 -12226 1959 1677 210  223  -240
10 6592809 -1124 -1447 6002 1762 900 -1  903  -216
10 6602927 -1468 3717 2938 2198 905 1  1241  -193
10 6613079 252 5985 754 2121 1139 -181  1853  -163
10 6623102 308 3825 -534 2052 1113 -208  2922  -130
10 6633086 -3972 2877 4658 2148 913 -658  3688  -95
10 6643181 -2784 5389 1846 2349 868 -487  4018  -58
10 6653358 -804 4945 190 2536 1119 -32  4325  -18
10 6663292 -1960 5889 -642 2679 1464 489  4712  25
10 6673439 -2528 6137 -1554 2715 1508 889  5142  71
10 6683483 -2908 6793 -1810 2686 1434 1085  5615  120
10 6693556 -4524 7989 970 1895 1108 993  6164  170
10 6703718 -1428 5617 -2630 2235 1161 1341  6642  214
10 6713715 -2080 9445 -4574 2144 1180 1463  6980  262
10 6723820 716 10073 -7334 1785 1097 1266  7568  312
10 6733833 428 11229 -7106 949 802 820  8522  362
10 6743952 -348 11501 -7050 -175 227 151  9586  407
10 6754189 -144 11629 -8334 -1456 -485 -844  10531  445
10 6764068 852 10045 -6174 -2564 -798 -1742  11101  472
10 6774221 -892 7705 -3550 -2881 -804 -2084  11000  488
10 6784255 -348 7133 -3482 -2724 -254 -2048  10188  497
10 6794382 -900 6349 -2894 -2540 284 -1740  9013  503
9 6804345 192 6473 -4818 -2692 408 -1522  7870  506
10 6814463 1628 5945 -6814 -3315 246 -1526  6977  505
10 6824539 540 4789 -5914 -4034 -159 -1696  6287  495
10 6834607 -752 3681 -4162 -4234 -751 -1840  5601  474
10 6844840 -3456 2705 -1446 -4034 -1166 -1926  4808  449
10 6854746 -5864 2529 -350 -3358 -1231 -1733  3967  423
10 6864842 -5964 4149 -1746 -2725 -1212 -1496  3353  401
10 6874914 -4420 3181 -1798 -2246 -966 -1130  3139  385
10 6884981 -4768 3537 -2426 -2000 -1150 -986  3151  373
10 6895022 -2440 3977 -3698 -2113 -1469 -1274  3266  365
10 6905092 -568 3177 -4430 -2151 -1738 -1527  3421  355
10 6915162 -932 2037 -3226 -1977 -1920 -1607  3396  346
10 6925344 -1540 485 -2386 -1775 -1930 -1718  2991  337
10 6935325 -4496 -2675 2578 -1548 -1831 -1825  2039  326
10 6945398 -5088 -5091 6062 -1019 -1289 -1657  424  310
10 6955493 -3272 -5499 6814 -234 -617 -1190  -1594  293
10 6965534 -2452 -5863 8614 933 149 -349  -3478  276
10 6975629 -1656 -5903 8710 2559 886 976  -4877  265
10 6985724 316 -3863 5866 4110 1429 2075  -5590  267
10 6995794 508 89 4250 5238 1837 2604  -5289  286
10 7005840 960 2805 3502 5934 2024 2658  -3797  322
10 7015967 -344 2669 3326 6539 2363 2234  -1592  373
9 7025722 -204 4885 2022 7097 2140 1661  626  439
10 7035734 -1028 3669 1170 7602 2307 1202  2459  517
11 7047278 136 4073 742 7841 2409 660  3651  605
8 7055923 -1308 4709 250 7914 2610 361  4272  696
10 7065994 2016 5021 -1702 7647 2456 237  4624  790
11 7077854 2756 4113 -3042 7149 2721 262  4794  882
8 7086110 1064 4877 -3602 6393 2368 296  4793  968
10 7096205 -1368 5717 -3078 5559 2017 247  4819  1046
11 7107802 -3216 6457 -2822 4789 1874 225  5066  1117
8 7116529 -4588 6521 -3858 4373 1732 190  5496  1181
10 7126489 -3640 5901 -5314 4092 1809 106  5904  1243
11 7138013 -4316 7305 -5638 3787 2062 -38  6208  1303
8 7146580 -5336 8373 -7554 3403 2044 -180  6606  1361
10 7156647 -3212 8917 -10126 2913 2078 -316  7211  1417
12 7168987 -2688 8093 -11042 2540 2242 -296  7828  1471
7 7176816 -2832 7177 -12318 2300 2374 -145  8148  1522
10 7186857 -3692 7645 -12470 2064 2502 -191  8110  1571
11 7198533 -4824 9565 -14178 1756 2602 -416  8067  1617
8 7207019 -4352 11317 -15486 1444 2700 -685  8441  1661
10 7217092 -792 13329 -18434 935 2647 -416  9388  1705
11 7229082 2800 11265 -21370 511 2713 37  10567  1749
8 7237229 2028 9221 -22566 251 2699 265  11242  1791
10 7247328 124 9833 -20774 -59 2606 164  11154  1830
11 7259091 -4224 8101 -16170 -17 2458 -180  10602  1863
8 7267146 -6624 12145 -17134 206 2397 -617  10089  1895
10 7277272 -6212 14649 -17542 318 2781 -787  10327  1930
11 7288910 -6616 15197 -15842 544 3346 -672  11458  1970
8 7297362 -6368 17789 -16262 752 3399 -117  13071  2019
10 7307565 -2692 15945 -18174 856 3385 465  14709  2076
11 7319142 -620 15245 -19998 759 3387 567  15795  2138
8 7327670 116 14861 -20726 215 3243 305  16115  2200
10 7337687 -168 13897 -20970 -582 3092 -158  15869  2256
11 7349407 -3548 12989 -19858 -1526 2985 -686  15238  2300
8 7357966 -5988 11237 -17754 -2660 2715 -1248  14313  2332
10 7367874 -7860 7469 -15678 -3819 2495 -1746  12964  2347
12 7379985 -8196 5153 -13838 -4924 2133 -2468  11022  2343
8 7388040 -6220 5625 -13618 -5914 1227 -3043  8824  2320
10 7398110 -2668 6965 -14710 -6730 436 -3445  7112  2280
11 7409908 760 13061 -14182 -7422 -694 -3461  6686  2230
8 7418242 4956 18181 -16902 -8133 -2132 -3216  8163  2180
10 7428353 6808 18121 -18122 -8655 -3374 -3067  11126  2134
11 7440172 928 17553 -15978 -8863 -4547 -3443  14201  2095
8 7448506 -5664 14853 -12634 -8795 -5778 -4270  16230  2063
10 7458551 -6420 12545 -10518 -8465 -6616 -4953  16721  2033
11 7470407 -6924 10369 -7738 -7975 -6935 -5333  15805  2002
8 7478745 -7796 8473 -5430 -7399 -7042 -5593  13978  1970
10 7488758 -8592 6853 -1702 -6660 -6930 -5707  11757  1935
11 7500614 -8520 7745 386 -5622 -6830 -5508  9685  1899
8 7508898 -6492 9925 -546 -4512 -6462 -5040  8393  1869
10 7519018 -3028 8941 -1034 -3458 -6053 -4517  8059  1848
12 7531244 -476 5993 298 -2503 -5681 -4114  8026  1838
8 7539245 616 2877 1622 -1560 -5377 -3692  7452  1835
9 7549223 2140 -1247 3966 -616 -5083 -3049  5912  1835
11 7561137 2832 -1467 5626 202 -4904 -2523  3608  1836
8 7569340 3528 -399 7194 854 -4599 -2141  1374  1836
10 7579493 1516 -2187 10414 1405 -4011 -1776  -218  1837
11 7591347 204 -4731 13926 1885 -3475 -1499  -1458  1838
8 7599576 -196 -3739 14974 2174 -2913 -1072  -2614  1839
10 7609646 656 -899 14710 2593 -1993 -374  -3270  1840
11 7621612 32 2285 14022 3468 -644 663  -2877  1847
8 7629843 -4136 4869 14918 4873 938 1920  -1363  1869
10 7639852 -6856 8009 16538 6236 2379 3040  980  1914
11 7651871 -9500 7245 16658 7320 3743 4059  3580  1982
8 7660041 -9380 6393 16454 8373 4659 4617  5636  2069
10 7670116 -8916 6017 15010 9170 5189 4740  6720  2170
12 7682370 -7824 7641 13790 9371 5252 4245  7113  2280
7 7690247 -7196 11221 11026 9186 5258 3364  7548  2393
10 7700315 -9060 14877 8454 9016 5434 2540  8724  2509
12 7712322 -8844 16673 6018 9115 5728 1874  10743  2630
8 7720434 -8412 16609 4370 9387 6124 1218  13050  2761
10 7730603 -9848 17121 3522 9470 6402 477  15000  2902
12 7742558 -8096 13797 4074 9376 6405 29  16118  3047
8 7750670 -5836 10753 3590 9168 6154 -215  15971  3191
10 7760874 -3096 10077 1054 8601 5776 -289  14661  3326
12 7772792 -1464 10069 -1674 7752 5503 -298  12928  3449
8 7780876 -5152 12737 -4638 6825 5278 -384  11621  3558
10 7791000 -6216 12093 -6894 5981 5124 -498  11158  3655
10 7801070 -5604 11985 -9302 5335 5188 -544  11255  3744
10 7811218 -4120 11145 -12454 4707 5220 -699  11441  3827
10 7821182 -2076 11421 -15398 3967 5176 -1021  11513  3903
10 7831360 428 11905 -18818 2949 4894 -1279  11531  3972
10 7841373 2376 7817 -20398 2000 4405 -1495  11330  4030
10 7851446 2888 6049 -22466 1256 3787 -1644  10455  4075
10 7861660 2468 4297 -22598 472 3319 -1772  8906  4106
10 7871578 -1948 4113 -21786 -344 2946 -1941  7128  4122
10 7881652 -5212 3149 -19682 -1086 2367 -1986  5527  4124
10 7891771 -6052 4569 -18778 -2077 2086 -2029  4386  4115
10 7901923 -3108 4509 -18922 -3513 1542 -2250  3863  4093
10 7911881 452 3813 -18302 -4903 945 -2521  3779  4057
10 7921958 3316 8989 -19346 -6539 -95 -2888  4149  4008
10 7932047 5636 14685 -22826 -8443 -1793 -3531  5642  3950
10 7942094 5348 19925 -24218 -9879 -3238 -4342  8667  3884
9 7951852 892 21949 -25202 -10895 -4656 -5246  12735  3821
10 7961921 -3612 21045 -21898 -11574 -5984 -6586  16701  3763
10 7972017 -6124 17265 -17386 -11938 -7135 -8064  19315  3709
10 7982088 -7828 12621 -12954 -11739 -7974 -9109  19782  3654
10 7992289 -7884 8393 -9302 -10713 -8306 -9327  18069  3593
10 8002247 -7948 6761 -7874 -9205 -8296 -8780  14926  3531
10 8012294 -7360 6433 -7578 -7693 -8203 -8064  11512  3471
10 8022364 -7116 5153 -5846 -6109 -7722 -7026  8668  3415
10 8032483 -7312 5781 -5682 -4447 -6897 -5668  6674  3367
11 8043663 -4044 4861 -4934 -3151 -5818 -4424  5505  3332
8 8052595 -2200 845 -3186 -2232 -4813 -3447  4639  3305
10 8062670 -3504 -2391 -794 -1845 -4383 -3119  3311  3283
11 8073930 -2536 -3795 862 -1830 -4302 -3146  1347  3257
8 8082856 -1868 -2511 598 -1918 -4237 -3042  -668  3224
10 8092876 28 -1427 -698 -1962 -4253 -2903  -2011  3184
11 8104166 2600 -2515 -1670 -1882 -4562 -2819  -2554  3142
8 8113065 8104 -3815 -4218 -1411 -4503 -2472  -2782  3100
10 8123112 10444 -1907 -4830 -559 -4617 -1939  -2938  3062
12 8135477 7012 3009 -2110 500 -4317 -1505  -2521  3035
7 8143271 2592 4649 2750 1597 -4087 -1039  -1078  3024
10 8153318 -1204 4189 5550 2652 -3323 -721  921  3031
11 8164663 -4212 361 9166 3698 -2358 -205  2400  3055
8 8173506 -4512 -2535 11286 4556 -1349 552  2523  3089
9 8183242 -4524 -1803 12470 5009 -61 1342  1454  3128
11 8194588 -4564 2225 11070 5134 961 1844  356  3167
8 8203382 -1292 7409 7442 5335 1642 2287  485  3207
10 8213477 3068 7973 3978 5915 2328 2655  2094  3255
11 8225172 3484 7513 1818 6853 2989 2671  4275  3318
8 8233588 -5396 11789 5210 7577 3276 2573  6368  3397
10 8243707 -8876 10485 6962 7761 3265 2154  8317  3492
11 8255116 -8324 10561 7170 7994 3672 1726  9799  3593
8 8263852 -6536 12577 6194 8308 4494 1679  10747  3700
10 8273894 -8388 14933 6746 8747 5378 1704  11654  3813
11 8285692 -10164 15953 7062 9293 6181 1723  12822  3935
8 8294053 -9952 15205 8030 9639 6541 1274  14028  4067
10 8304158 -8080 13289 8478 9785 6712 490  14764  4204
12 8316282 -6820 15161 7138 9583 6798 -116  14924  4342
7 8324290 -3164 13125 6298 8977 6806 -107  14790  4478
10 8334364 -560 10041 3230 8132 6396 -80  14213  4605
11 8345822 -708 8729 98 7022 6014 -199  12968  4718
8 8354529 -2532 8001 -2970 5669 5627 -518  11349  4813
10 8364565 -3080 8313 -6386 4289 5236 -1007  9847  4889
11 8376081 -2336 9901 -9666 2915 4971 -1417  8898  4947
8 8384759 -536 7953 -12438 1640 4781 -1709  8538  4990
10 8394806 228 7333 -15162 489 4421 -1860  8320  5019
11 8406345 60 5693 -17570 -428 4056 -1965  7895  5035
8 8414918 -1224 3721 -16434 -1129 3702 -2111  7102  5039
10 8425034 -3836 4161 -14486 -1905 3270 -2298  6025  5031
11 8436922 -3888 3361 -13662 -2645 2662 -2449  4993  5012
8 8445182 -2368 3361 -13438 -3325 2278 -2474  4181  4983
10 8455277 -660 8725 -12810 -4483 1472 -2672  3985  4946
11 8466815 736 12457 -15182 -5873 338 -3085  5073  4901
8 8475388 380 17805 -15694 -7273 -871 -3254  7623  4854
10 8485458 444 17689 -18174 -8435 -2060 -3554  11053  4806
11 8497056 -2436 17229 -16894 -9022 -2894 -4058  14235  4759
8 8505624 -6768 16945 -14230 -9296 -3713 -4529  16367  4715
10 8515694 -9500 15325 -11850 -9406 -4374 -5126  17312  4672
11 8527314 -9408 16361 -11578 -9414 -5086 -5732  17344  4628
8 8535830 -9000 13845 -10978 -9161 -5452 -6097  16851  4582
10 8545921 -9472 12541 -10154 -8545 -5643 -6343  15917  4535
11 8557642 -8848 10777 -9674 -7602 -5746 -6356  14589  4490
8 8566065 -7832 9361 -10170 -6352 -5719 -5794  13035  4448
10 8576136 -4812 7409 -10510 -4965 -5417 -4799  11365  4412
11 8588106 -2644 4369 -8902 -3716 -4821 -3825  9534  4382
8 8596400 -3340 2825 -5858 -2866 -4370 -3186  7485  4358
9 8606338 -4316 1505 -3382 -2316 -4182 -2951  5397  4333
11 8618001 -5060 817 -1250 -2035 -4126 -3006  3527  4307
8 8626530 -4108 849 -834 -1886 -4210 -3037  2072  4278
10 8636602 -672 253 -1702 -1611 -4052 -2938  1099  4247
12 8648770 -796 1181 -1362 -1320 -3990 -2780  572  4216
7 8656718 784 1509 -1374 -1019 -4154 -2492  478  4188
10 8666813 3076 1333 -1286 -476 -3911 -2115  683  4165
11 8678500 -904 681 1514 401 -3335 -1651  911  4147
8 8686953 -2160 -2115 3862 1293 -2989 -1159  798  4138
10 8697043 -2976 -3411 5682 1892 -2615 -692  67  4134
11 8708764 -2428 -4947 6850 1918 -2298 -211  -1189  4132
8 8717160 -2136 -6411 6770 1718 -1752 142  -2716  4124
10 8727250 -3452 -8199 7982 1229 -1403 267  -4365  4108
12 8739340 -2256 -9183 7526 554 -1174 167  -6025  4081
7 8747054 -1496 -8059 7062 -403 -1011 -120  -7420  4041
10 8757145 -392 -7791 5742 -1132 -717 -251  -8225  3989
11 8768952 368 -5123 4062 -1443 -461 -250  -8278  3930
8 8777313 -8 -2083 2430 -1553 -128 -232  -7423  3871
10 8787507 -1856 -2875 3158 -1423 221 -272  -5887  3817
11 8799158 -1872 -4711 3890 -1051 546 -47  -4511  3770
8 8807525 -888 -7799 5358 -847 1076 344  -4080  3729
10 8817616 -160 -8707 5862 -1011 1479 701  -4759  3687
11 8829422 -1004 -6387 5118 -1329 1682 676  -5886  3640
8 8837754 -1228 -4423 4042 -1447 1701 530  -6510  3587
10 8847825 -684 -3771 3114 -1381 1808 441  -6292  3534
11 8859682 1432 1565 1530 -1352 1732 471  -5206  3486
8 8867942 4180 3017 -3914 -1354 1619 684  -3192  3446
10 8878058 2212 3169 -4994 -712 1530 977  -773  3416
12 8890259 268 3817 -5474 219 1334 1361  1321  3401
7 8898173 -368 2665 -5102 1261 1420 1891  2738  3400
10 8908295 -848 -895 -6386 2355 1500 2550  3140  3412
11 8920157 -232 -655 -4066 3114 1534 2736  2474  3431
8 8928724 -1708 1317 -3530 3873 1372 2998  1471  3454
9 8938454 -4960 3601 -2218 4816 1581 3398  1036  3483
11 8950392 -4896 5833 -2162 5727 1795 3755  1545  3523
8 8958648 -5256 5113 -1066 6752 1996 4193  2713  3576
10 8968710 -5748 5997 -614 7623 1971 4452  3950  3645
11 8980650 -6020 6913 -206 8035 1983 4404  5015  3725
8 8988850 -7828 5061 2714 7832 1970 4147  5779  3813
10 8998924 -9316 3017 4250 7172 1950 3683  5888  3899
11 9010962 -9572 4281 3966 6161 2003 2932  5381  3975
8 9019061 -8768 6245 2270 5276 2286 2299  4921  4040
10 9029152 -7072 7181 1214 5041 2713 2397  5019  4096
12 9041442 -4756 10313 -2486 5015 2990 2617  5790  4152
7 9049319 -2860 9897 -3606 4987 3169 2941  7089  4213
10 9059366 -3012 10133 -5338 5065 3193 3271  8426  4279
10 9070372 -1900 11293 -7758 4968 2976 3433  9500  4350
9 9079501 -1296 11725 -9434 4726 2685 3423  10377  4422
10 9089627 -816 9825 -10274 4600 2395 3294  10945  4494
11 9100636 -2236 11085 -10302 4277 2099 2869  11089  4566
9 9109734 -3876 12753 -10834 3438 1611 2123  11175  4634
10 9119831 -3352 11745 -10666 2447 1024 1304  11454  4694
11 9130872 -1772 11873 -10902 1508 670 549  11724  4746
9 9139948 -1504 13725 -11310 629 492 -36  11991  4789
10 9150067 -3116 14869 -10942 295 381 -128  12520  4825
11 9161078 -2368 16325 -12194 398 368 79  13393  4861
9 9170184 -2908 18121 -13106 641 518 274  14566  4903
10 9180254 -2460 16829 -13166 1278 793 794  15800  4952
11 9191371 -2700 16649 -13258 1943 932 1314  16661  5010
9 9200386 -2644 17521 -13854 2343 938 1523  17083  5076
10 9210460 -3360 17993 -13846 2617 885 1579  17347  5147
11 9221578 -2608 16885 -13882 2885 843 1612  17523  5221
9 9230649 -1856 16177 -14030 3034 761 1610  17449  5298
10 9240724 -1796 16957 -14770 3063 650 1474  17174  5374
11 9251813 -1592 16529 -14822 3010 589 1334  16920  5449
9 9260855 -1544 17209 -15678 2920 532 1205  16783  5523
10 9270902 -1468 17505 -16070 2811 570 1138  16814  5596
11 9282076 -1028 16889 -16146 2914 713 1263  16951  5668
9 9291096 -468 16501 -16982 3121 820 1480  17005  5741
10 9301162 364 16117 -17174 3377 971 1745  16890  5815
11 9312312 -1224 17333 -17518 3598 1088 1902  16741  5891
9 9321278 -2020 18521 -18138 3516 921 1772  16836  5969
10 9331373 -1068 17265 -18810 3345 850 1594  17164  6048
11 9342712 -120 16385 -18794 3099 860 1487  17351  6125
8 9351484 -604 16273 -19002 2863 907 1317  17218  6199
10 9361603 -284 15065 -18666 2694 953 1286  16833  6269
11 9372758 -72 14905 -19298 2349 938 1172  16267  6334
8 9381748 676 18645 -20162 1511 878 844  15928  6395
10 9391790 2300 14501 -21466 662 699 337  15988  6447
11 9403022 1100 14945 -19362 -19 602 40  15920  6491
8 9411926 772 15457 -21106 -567 538 -442  15632  6526
10 9422024 932 16241 -22126 -1351 215 -1070  15484  6555
11 9433228 1752 15721 -21238 -2371 -124 -1748  15537  6577
8 9442187 944 13273 -18778 -3330 -285 -2226  15478  6588
10 9452232 -844 11829 -17818 -4324 -659 -2664  14925  6587
11 9463492 -24 10453 -17534 -5645 -1515 -3274  13865  6573
8 9472394 2268 9361 -17530 -7090 -2367 -3967  12525  6540
10 9482438 3468 11489 -17586 -8515 -3050 -4799  11335  6488
11 9493785 2820 12713 -16106 -9671 -3804 -5315  10823  6421
8 9502627 912 12793 -13570 -10350 -4360 -5634  11044  6343
10 9512699 -1852 13449 -9646 -10784 -4987 -5883  11645  6261
11 9523992 -4456 12897 -6226 -11171 -5474 -6306  12297  6178
8 9532814 -6984 13005 -3122 -11595 -5802 -6960  12772  6092
10 9542909 -8592 13609 -1698 -12006 -6176 -7755  13063  6005
11 9554256 -7472 12181 -986 -12111 -6376 -8364  13193  5914
8 9563020 -8424 10713 154 -11603 -6217 -8644  12970  5821
10 9573139 -11348 9917 1694 -10301 -5594 -8490  12313  5731
11 9584487 -10748 9325 2098 -8212 -4575 -7511  11409  5651
8 9593256 -6456 6857 178 -5913 -3223 -5716  10346  5588
10 9603463 -2888 865 -1174 -3951 -1893 -3854  8727  5541
11 9614722 -1180 -2687 -758 -2885 -1456 -2768  6102  5504
8 9623462 504 -4475 -1150 -2762 -1547 -2440  2766  5465
10 9633561 1112 -4823 -1602 -3313 -1818 -2620  -467  5414
11 9644990 1244 -5099 -1186 -4061 -1978 -2964  -2972  5348
8 9653722 -2076 -5087 794 -4405 -1913 -3028  -4560  5269
10 9663768 -4828 -2867 662 -4090 -1655 -2607  -5208  5185
11 9675197 -3736 -1423 -646 -3480 -1315 -1915  -4896  5105
8 9683933 -1356 -4067 -2454 -2607 -1188 -1037  -4106  5034
10 9694032 2240 -5431 -4914 -1949 -1292 -571  -3682  4974
11 9705455 3272 -5995 -5362 -1561 -1416 -548  -3925  4920
8 9714162 2284 -4619 -4986 -1226 -1721 -607  -4452  4867
10 9724233 1552 -3003 -4474 -1045 -1959 -748  -4698  4818
11 9735719 1036 -4175 -3390 -1042 -2150 -820  -4530  4771
8 9744371 1936 -6423 -2422 -1085 -2199 -843  -4437  4724
10 9754445 2920 -5979 -1518 -1413 -2203 -1038  -4752  4676
11 9765954 2256 -6059 -1934 -1615 -2075 -1213  -5248  4624
8 9774614 3288 -5495 -3058 -1508 -2153 -1301  -5628  4567
10 9784703 7664 -7175 -4930 -1517 -2201 -1357  -5900  4511
12 9797246 8764 -10067 -4338 -1493 -2270 -1296  -6437  4454
7 9804850 7412 -9571 -4062 -1241 -2369 -1114  -7409  4392
10 9814890 5276 -5783 -3198 -966 -2243 -1065  -8171  4331
11 9826406 3056 -4579 -1530 -737 -1988 -1030  -8015  4273
8 9835056 1136 -3543 -10 -516 -1605 -1023  -7034  4221
10 9845097 3700 -6939 694 -850 -1461 -1088  -5986  4176
11 9856670 6712 -8711 -138 -1492 -1417 -1268  -5700  4129
8 9865259 7564 -9511 -1206 -2088 -1448 -1487  -6329  4073
10 9875332 8604 -10671 -1930 -2489 -1445 -1722  -7470  4007
11 9887066 8040 -11467 -1726 -2554 -1344 -1782  -8780  3933
8 9895521 7784 -12551 -1986 -2231 -1334 -1498  -10064  3853
10 9905568 9360 -12551 -3710 -1870 -1208 -1132  -11191  3772
11 9917140 10628 -15235 -2686 -1558 -1072 -667  -12204  3691
8 9925733 9944 -15763 -1186 -1349 -897 -254  -13293  3609
10 9935770 6144 -13003 358 -1239 -568 150  -14186  3526
11 9947433 6136 -12967 98 -1233 -234 515  -14419  3443
8 9955913 5668 -11435 -966 -1325 -14 626  -14021  3363
10 9966034 6172 -11027 -1602 -1473 2 472  -13234  3285
12 9978038 5740 -9923 -2402 -1467 -13 338  -12266  3209
8 9986150 5252 -7983 -3766 -1399 124 226  -11177  3138
10 9996239 5068 -7903 -4914 -1226 258 115  -9990  3073
11 10007904 6648 -10487 -4926 -1002 240 65  -9116  3013
8 10016356 7084 -12227 -4226 -898 153 -1  -9068  2956
10 10026419 6536 -13215 -3718 -681 252 164  -9849  2897
11 10038110 7060 -13891 -3834 -286 511 633  -11057  2836
8 10046592 7232 -14891 -3982 166 783 1256  -12342  2774
10 10056662 7760 -13655 -5030 394 911 1632  -13408  2712
11 10067750 7292 -11379 -6278 418 948 1663  -13844  2651
9 10076794 5676 -9675 -6078 539 928 1698  -13396  2593
10 10086868 5120 -8395 -6610 791 1029 1820  -12235  2540
10 10097639 3528 -7719 -6026 1205 1241 2020  -10760  2496
9 10107059 3688 -8895 -6222 1973 1485 2551  -9455  2461
10 10117104 4928 -8495 -6790 2837 1806 3225  -8658  2437
10 10127826 4636 -9227 -6762 3675 2064 3914  -8361  2423
9 10137263 2788 -8763 -5918 4631 2335 4549  -8390  2417
10 10147310 600 -6459 -4738 5595 2631 5080  -8378  2420
11 10158657 -1596 -5967 -2298 6495 3059 5511  -7977  2435
8 10167450 -2648 -4935 -1398 7380 3348 5944  -7232  2462
10 10177571 -1988 -3827 -870 7857 3592 6188  -6299  2501
10 10188326 -1276 -3751 38 7949 3491 6342  -5316  2548
9 10197686 -3232 -1055 646 7994 3535 6524  -4311  2600
10 10207775 -3768 393 414 8214 3699 6835  -3102  2657
10 10218561 -6356 1237 1178 8612 3877 6953  -1700  2721
9 10227892 -5664 3029 1154 9203 3868 7175  -265  2794
10 10238016 -5296 5225 -866 10042 3910 7678  1242  2879
11 10249548 -5280 4581 -1282 10663 3967 7876  2748  2978
8 10258128 -5704 7589 -1006 10617 3826 7606  4110  3088
10 10268198 -4044 8665 -2922 10131 3462 7233  5480  3203
10 10279060 -4060 12585 -5938 9533 2861 6480  7096  3318
9 10288359 -4196 13113 -6114 9028 2243 5672  9015  3435
10 10298404 -4400 14305 -5990 8427 1717 4785  10956  3554
10 10309324 -3360 15177 -6846 7633 1256 3960  12639  3673
9 10318593 -976 16933 -9770 6959 1004 3399  14077  3789
10 10328668 -1144 20061 -11646 6585 1027 3131  15532  3904
11 10339801 -2548 20613 -12218 6527 870 3014  17180  4021
9 10348799 -2044 19989 -12486 6458 487 2653  18706  4143
10 10358872 -608 19649 -13218 6177 182 2203  19700  4268
10 10369824 36 17561 -13250 5944 59 2126  19977  4390
9 10379063 -492 17885 -13622 5773 37 2000  19601  4508
10 10389107 -3848 21173 -14778 5502 94 1723  19181  4623
10 10400030 -4744 20945 -14898 4956 -2 1405  19307  4735
9 10409222 -1836 17865 -15442 4241 -313 918  19607  4842
10 10419346 1532 32405 -26578 3747 -943 190  20448  4945
10 10430316 -2168 15641 -12630 2018 -796 -467  21908  5048
9 10439450 -836 13661 -15710 1903 -524 -416  21816  5133
10 10449575 3708 13097 -21642 1779 -853 -284  19672  5209
11 10460554 2612 12405 -19130 1645 -1184 -131  17003  5273
9 10469692 2696 9517 -18834 1443 -1196 -185  14512  5325
10 10480128 2860 11293 -21294 1019 -1288 -461  12449  5367
11 10490765 1936 12249 -21514 249 -1629 -639  11230  5400
9 10499895 -1040 10777 -17754 -401 -1753 -890  10837  5423
10 10509998 -1936 11741 -17042 -1193 -1861 -1157  10822  5440
11 10521321 -2324 11949 -16442 -1665 -1497 -1158  11012  5450
8 10530129 -3640 12237 -18274 -2285 -1823 -1432  11348  5457
10 10540204 -1644 9897 -16386 -3321 -2085 -1898  11548  5458
11 10551287 -1360 8225 -16162 -4402 -2278 -2214  11230  5447
9 10560362 1596 7845 -18054 -5751 -2783 -2707  10374  5423
10 10570403 1988 7857 -17942 -6964 -3308 -3186  9364  5381
11 10581474 -496 8589 -15026 -7760 -3745 -3363  8589  5325
9 10590599 -1608 9873 -12654 -8301 -4062 -3444  8305  5259
10 10600642 -4856 10021 -9238 -8614 -4167 -3250  8534  5190
11 10611710 -5512 10713 -6198 -9060 -4537 -3238  9065  5119
9 10620758 -6128 11309 -3234 -9832 -4882 -3278  9722  5048
10 10630853 -6292 11985 -182 -10631 -5165 -3452  10426  4971
11 10641974 -6688 14825 90 -11374 -5468 -3826  11282  4890
9 10651012 -7736 14681 1282 -11819 -5488 -4435  12389  4807
10 10661083 -9000 15041 918 -11865 -5739 -5321  13498  4724
11 10672203 -8120 15605 898 -11566 -5460 -6179  14384  4644
9 10681228 -12304 11785 3546 -10604 -4729 -6626  14783  4569
10 10691298 -14384 7625 4902 -9021 -3754 -6410  14115  4501
11 10702444 -12204 2517 5378 -7350 -2670 -5281  12023  4441
8 10711406 -6924 -3471 4614 -6112 -1849 -3970  8535  4384
10 10721534 -4264 -7567 4874 -5538 -1158 -3225  3983  4321
11 10732708 -3032 -8343 6242 -5471 -695 -3129  -787  4247
8 10741780 -3312 -6135 5486 -5661 -642 -3425  -4594  4158
10 10751740 -3392 -2471 4390 -5728 -241 -3399  -6482  4060
11 10762972 -1896 437 2822 -5864 170 -2492  -6230  3963
8 10771898 44 -4867 -78 -5685 810 -1470  -4881  3870
10 10782002 800 -8591 -1622 -5193 1137 -794  -4213  3782
10 10792896 2064 -8719 -2534 -4883 1160 -466  -4876  3697
8 10801794 48 -5091 -3686 -4721 1348 -312  -5932  3611
10 10811867 -1244 -5823 -5126 -4147 1521 189  -6435  3524
11 10823152 -1556 -11051 -3886 -3441 1695 682  -6780  3443
8 10832120 -1528 -11603 -4354 -3037 1686 859  -7759  3365
10 10842077 -1632 -8999 -6174 -2718 1750 925  -8986  3287
11 10853366 -1804 -9663 -6942 -2287 1871 1130  -9716  3209
8 10862246 -2124 -11087 -6826 -1922 1699 1183  -10054  3134
10 10872335 -3764 -8455 -6718 -1660 1484 931  -10197  3063
11 10883573 -3520 -8855 -7842 -1308 1532 969  -9990  2995
8 10892452 -2276 -9635 -7458 -1011 1529 1161  -9624  2933
10 10902519 -4208 -8955 -6706 -889 1700 1226  -9376  2875
11 10913858 -5984 -10143 -6446 -647 1918 1625  -9286  2818
8 10923004 -6412 -10019 -7026 -254 1948 2163  -9390  2764
10 10932729 -6248 -12815 -7246 105 1820 2641  -9799  2713
11 10944101 -5304 -14407 -6002 336 1737 2907  -10700  2661
8 10952889 -7784 -13019 -5962 366 1780 2926  -11870  2608
10 10963098 -9612 -10163 -5670 233 1811 2495  -12563  2552
11 10974330 -10280 -10191 -6922 337 1837 2324  -12395  2496
8 10983101 -9868 -9327 -7002 615 1808 2254  -11670  2444
10 10993200 -8800 -7423 -7202 772 1922 2109  -10668  2399
11 11004919 -8284 -6031 -8574 724 2170 2006  -9412  2360
8 11013330 -9572 -6507 -8598 698 2421 2022  -8107  2326
10 11023401 -9180 -8159 -8934 815 2389 2212  -7216  2296
11 11034782 -8652 -7803 -9426 788 2157 2353  -6966  2268
8 11043546 -9164 -8751 -8642 658 1829 2472  -7176  2239
10 11053755 -10796 -7359 -8110 619 1760 2590  -7529  2207
11 11065017 -11524 -7679 -7530 694 2006 2966  -7744  2174
8 11073753 -11748 -6271 -8762 654 1990 2983  -7698  2142
10 11083871 -11860 -5599 -9410 630 1754 2669  -7343  2112
10 11094566 -10944 -4683 -10278 801 1691 2665  -6709  2084
9 11103960 -12952 -5791 -11246 1102 1610 3017  -6037  2060
10 11114051 -12256 -6183 -9846 1247 1413 3123  -5644  2041
10 11124552 -12308 -4235 -9798 1324 1256 3021  -5469  2024
9 11134224 -12752 -3467 -10762 1475 1374 3270  -5143  2009
10 11144451 -12760 -2659 -11642 1742 1526 3656  -4553  1998
10 11154816 -13680 -3975 -10994 1848 1483 3929  -3942  1992
9 11164426 -13260 -4107 -10902 1715 1286 3772  -3618  1988
10 11174500 -13364 -1911 -11238 1469 1105 3385  -3459  1984
10 11185075 -11332 485 -13354 1238 1169 3307  -2962  1979
9 11194637 -12292 453 -13558 1130 1457 3601  -1990  1976
10 11204736 -14496 9 -11854 1373 1647 4084  -958  1975
10 11215281 -14740 -275 -11266 1803 1667 4573  -260  1980
9 11224897 -15824 1177 -11206 2099 1746 4914  141  1991
10 11235309 -15016 3377 -12750 2154 1800 5016  636  2006
10 11245513 -13364 4285 -14278 2099 1843 5106  1493  2026
9 11255082 -15100 5569 -14142 2228 1806 5152  2625  2049
10 11265203 -13804 8173 -14962 2512 1734 5418  3975  2079
10 11275864 -15400 8589 -15986 2846 1770 5637  5517  2117
9 11285318 -14220 8569 -13798 2946 1525 5406  6952  2164
10 11295407 -15516 10253 -14174 2776 1515 5095  8095  2216
10 11306015 -13540 9301 -15486 2570 1515 4760  8971  2270
9 11315656 -11552 9885 -16942 2419 1382 4452  9524  2324
10 11325594 -11748 8365 -16714 2648 1443 4518  9707  2377
10 11336250 -13948 10977 -14594 2946 1396 4497  9699  2432
9 11345760 -14600 14117 -15086 3007 1447 4304  10075  2491
10 11355830 -12400 13589 -16358 2938 1763 4277  11073  2554
11 11366861 -12032 14365 -17494 2874 2139 4203  12250  2621
9 11375963 -11992 13277 -17710 3042 2172 4254  13180  2691
10 11386056 -11056 13789 -19582 3052 2110 4092  13697  2764
10 11396702 -8592 12517 -19830 2826 2176 3874  13814  2837
9 11406595 -5964 12217 -22218 2863 2180 4090  13577  2907
10 11416272 -3424 13521 -23914 3193 2205 4475  13219  2976
10 11426966 -4576 15337 -23894 3518 2176 4751  13187  3047
9 11436437 -4024 14721 -21922 3780 1915 4757  13588  3123
10 11446505 -6536 15597 -20474 3502 1518 4039  14159  3204
10 11457333 -4456 14781 -22794 2471 855 2515  14668  3283
9 11466618 -1560 13881 -26050 1742 274 1666  14902  3353
10 11476737 -192 13681 -27530 1679 224 1738  14769  3415
10 11487436 -272 11945 -27086 1860 417 2249  14316  3474
9 11496854 456 10865 -25334 2116 694 2796  13533  3532
10 11506949 296 12689 -25306 2296 882 3065  12685  3589
10 11517700 -3284 16929 -23806 2342 797 2944  12498  3646
9 11527086 -3740 14809 -24062 1867 211 2235  13186  3707
10 11537207 -1344 13733 -25722 867 -459 1041  13978  3766
10 11548043 324 13673 -27278 -211 -788 115  14306  3815
9 11557296 2268 14845 -29966 -986 -946 -558  14353  3854
10 11567388 2260 13441 -28754 -1471 -1106 -1065  14330  3886
10 11578228 2136 13621 -28106 -1829 -1470 -1412  14187  3911
9 11587560 588 13097 -26938 -2444 -1905 -2012  13926  3932
10 11597596 -120 13141 -25738 -3134 -2291 -2770  13633  3946
10 11608432 -1248 13793 -25082 -3808 -2704 -3287  13419  3952
9 11617761 -2496 12389 -24014 -4318 -3155 -3545  13292  3951
10 11627836 -2372 11465 -23302 -4571 -3673 -3381  13027  3943
10 11638728 -2880 11185 -21962 -4708 -4199 -3180  12539  3932
9 11647973 -3764 12925 -21314 -4925 -4893 -3303  12108  3917
10 11658072 -4596 14281 -20078 -5324 -5581 -3622  12123  3900
10 11668931 -5240 12877 -18506 -5692 -6154 -3968  12525  3881
9 11678231 -6260 11169 -16094 -5851 -6626 -4356  12764  3859
10 11688274 -4920 12893 -16654 -6111 -7059 -4785  12663  3836
10 11699169 -4944 14229 -16170 -6500 -7307 -5155  12656  3810
9 11708418 -5428 13209 -13418 -6781 -7237 -5358  12918  3781
10 11718538 -5256 10285 -12106 -6921 -7032 -5410  12975  3750
11 11729946 -5428 7513 -11214 -7032 -6985 -5496  12282  3714
8 11738625 -5036 7785 -8610 -6916 -6907 -5641  10914  3673
10 11748743 -9288 9281 -5854 -6477 -6762 -5838  9587  3627
10 11759717 -9172 8577 -5174 -6101 -6767 -5903  8807  3584
9 11768860 -6360 6989 -5218 -5818 -6576 -5894  8363  3542
10 11778928 -4452 3549 -4554 -5470 -6189 -5603  7684  3500
10 11789898 -3668 977 -3554 -4869 -5731 -5147  6346  3457
9 11799096 -4516 -1759 -2166 -4210 -5402 -4646  4333  3412
10 11809166 -2088 -5567 -2690 -3605 -5296 -4250  1787  3364
11 11820247 404 -6995 -3262 -3341 -5162 -3991  -1087  3311
9 11829299 3096 -8531 -2462 -3195 -5091 -3740  -3875  3250
10 11839372 1056 -7307 914 -2929 -4577 -3569  -6095  3182
10 11850377 -1368 -5511 4062 -2913 -4141 -3371  -7299  3112
9 11859563 -3836 -6815 6458 -2858 -3448 -3082  -7523  3042
10 11869719 -2908 -9355 5634 -2570 -2780 -2599  -7507  2972
10 11880614 -1956 -9091 2910 -1974 -2194 -1900  -7809  2905
9 11889771 88 -6615 -106 -1436 -1824 -1274  -8130  2842
10 11899842 1724 -5111 -1830 -1082 -1585 -768  -7919  2786
11 11910878 2412 -3119 -2858 -962 -1585 -478  -7040  2737
9 11920002 3448 -4515 -3550 -965 -1624 -409  -5848  2694
10 11930073 3876 -5943 -3138 -905 -1857 -571  -4998  2654
11 11941107 5784 -6991 -4322 -926 -2220 -815  -4876  2616
9 11950190 6032 -6207 -2974 -849 -2315 -1076  -5272  2576
10 11960447 2520 -3259 -758 -625 -2401 -1342  -5541  2536
11 11971348 -1176 -531 2006 -247 -2163 -1529  -5051  2500
9 11980417 -88 -1771 1894 25 -2146 -1585  -3897  2473
10 11990543 4028 -4043 -806 99 -2096 -1755  -2916  2452
11 12001612 6096 -5863 -834 -46 -2244 -1908  -2784  2433
8 12010320 7420 -5683 -1202 -109 -2651 -1926  -3425  2409
10 12020390 8556 -3075 -2246 -195 -2781 -1793  -4135  2383
11 12031536 7684 -2711 -2094 -110 -2578 -1577  -4293  2355
9 12040582 7020 -4075 -514 171 -2440 -1486  -4047  2329
10 12050618 7268 -3791 1130 480 -2468 -1412  -3842  2306
11 12061799 5816 409 1506 768 -2155 -1122  -3479  2289
8 12070786 5540 -927 1882 1111 -1439 -779  -2653  2277
10 12080860 5492 -2695 1862 1695 -757 -408  -1876  2272
10 12091142 6508 -3399 1910 2310 -257 -47  -1704  2273
9 12100997 5752 -3775 2662 2782 179 126  -2068  2279
10 12111089 4840 -3423 2686 3348 610 429  -2629  2287
10 12121277 4852 -2135 2246 4107 1198 950  -3012  2300
9 12131255 4168 341 1798 4741 1840 1383  -2853  2321
10 12141381 3576 1549 1874 5192 2378 1679  -2011  2351
10 12151506 2084 1717 2222 5520 2757 1720  -773  2390
9 12161438 1832 1889 2154 5827 2908 1771  409  2437
10 12171562 2168 2617 1942 5864 3013 1681  1334  2491
10 12181770 1824 4065 1294 5856 3141 1558  2110  2547
9 12191990 1776 6381 430 5945 3322 1525  3016  2607
10 12201767 1380 7457 -2 5926 3393 1385  4214  2672
10 12211986 128 6857 1510 5786 3274 1145  5470  2742
9 12221884 -188 6433 2438 5419 3096 784  6374  2814
10 12232138 -1388 7565 3118 4942 3137 507  6867  2883
10 12242222 -1164 6813 3454 4582 3409 528  7132  2949
9 12252120 -888 5969 3498 4347 3620 609  7148  3011
10 12262190 -928 6821 3034 4150 3556 578  6951  3069
10 12272587 -548 9153 878 3974 3517 547  6933  3125
9 12282320 -768 10437 -438 3948 3600 569  7454  3182
10 12292396 -1592 12105 -1622 4059 3647 568  8499  3242
10 12302692 -2220 12409 -1986 4264 3841 661  9810  3308
9 12312587 -3480 11381 -1298 4324 3955 654  10962  3380
10 12322705 -4240 10229 -530 3964 3842 393  11541  3455
10 12332956 -3760 9449 -1198 3502 3866 92  11451  3525
9 12342791 -2136 9845 -2834 3178 3990 -18  10952  3589
10 12352838 -3148 10933 -3382 2744 4038 -199  10493  3647
10 12363340 -4484 13361 -4094 2367 3948 -419  10512  3701
9 12372950 -3324 13841 -5566 2296 4187 -381  11156  3754
10 12383065 -5964 14009 -5822 2587 4651 -236  12125  3810
10 12393456 -6076 13313 -6302 3040 5133 -48  12974  3871
9 12403214 -5436 12645 -6410 3206 5384 35  13417  3938
10 12413275 -5928 11337 -6366 3241 5427 64  13347  4007
10 12423682 -4788 12461 -7758 2933 5250 -60  12939  4074
9 12433420 -3688 14497 -9098 2529 5241 -150  12702  4137
10 12443490 -3040 17609 -12074 2252 5235 -22  13161  4197
10 12453926 -3736 15945 -13750 2216 5497 78  14227  4258
9 12463621 -4944 12997 -13322 2337 5493 215  15043  4323
10 12473726 -4796 12789 -13214 1992 5163 -22  15011  4388
10 12484187 -5376 12177 -12826 1217 4897 -429  14371  4446
9 12493854 -5156 13101 -14214 428 4236 -748  13617  4494
10 12503932 -4688 13565 -14822 -511 3580 -1260  13135  4532
10 12514397 -2660 15173 -18470 -1270 3004 -1729  13128  4561
9 12524097 -2700 16457 -20374 -1615 2742 -1797  13654  4584
10 12534168 -3500 14289 -20498 -1528 2608 -1576  14394  4606
10 12544661 -5284 11573 -17434 -1618 2315 -1624  14633  4630
9 12554304 -4856 11609 -16350 -2109 1791 -1919  14091  4651
10 12564372 -5068 13469 -15954 -2866 1312 -2423  13319  4664
10 12574919 -4900 16801 -17930 -3631 725 -2973  13140  4669
9 12584486 -7492 15725 -17674 -4023 59 -3401  13755  4668
10 12594610 -8148 15165 -16878 -4489 -639 -3889  14574  4667
10 12605106 -9208 13825 -15282 -5021 -1294 -4281  15018  4663
9 12614750 -9880 14561 -14550 -5396 -1695 -4613  15019  4654
10 12624845 -11412 16089 -13042 -5680 -2131 -5131  14948  4641
10 12635445 -11928 20377 -13934 -6040 -2572 -5862  15411  4626
9 12644956 -11896 17385 -13806 -6253 -2718 -6479  16450  4613
10 12655026 -12084 14681 -12278 -6250 -2750 -7014  17150  4600
10 12665606 -11476 11341 -11130 -6107 -2736 -7365  16728  4585
9 12675158 -11532 9793 -12278 -5700 -2720 -7292  15221  4566
10 12685262 -7892 7201 -13986 -5098 -2563 -6987  13063  4543
10 12695812 -6088 4533 -15914 -4499 -2580 -6556  10584  4516
9 12705398 -5124 2729 -15290 -4017 -2626 -6235  7986  4485
10 12715468 -7260 677 -12270 -3537 -2572 -6032  5478  4449
10 12726076 -8428 -1107 -8418 -3099 -2420 -5758  3165  4409
9 12735605 -9776 -2439 -7014 -2780 -2190 -5551  1088  4365
10 12745704 -9072 -2383 -7894 -2572 -2046 -5437  -626  4318
10 12756340 -7580 -5343 -8094 -2258 -1976 -5118  -2012  4268
9 12766202 -7464 -6999 -7222 -2139 -2138 -5053  -3394  4216
10 12775906 -6152 -7031 -7902 -2364 -2358 -5052  -4827  4159
10 12786604 -3980 -7059 -9418 -2508 -2299 -4788  -6013  4096
9 12796050 -3264 -9615 -9502 -2072 -1996 -4045  -6954  4028
10 12806254 -8488 -10183 -5090 -1192 -1527 -3244  -7926  3961
10 12816868 -7784 -14343 -2226 -412 -1428 -2263  -9178  3898
9 12826286 -4496 -15111 -2214 -288 -1182 -1791  -10858  3836
10 12836380 -5560 -14595 -2450 -513 -890 -1531  -12612  3769
10 12847102 -4344 -14159 -4186 -551 -731 -1226  -13875  3695
9 12856516 -4272 -13255 -4802 -457 -525 -810  -14441  3619
10 12866562 -4764 -12171 -5394 -383 -462 -498  -14341  3544
10 12877310 -5544 -11831 -4694 -349 -464 -367  -13764  3473
9 12886728 -5248 -12235 -4386 -371 -385 -242  -13053  3405
10 12896798 -5532 -12411 -4302 -313 -334 -27  -12523  3339
10 12907545 -5492 -11671 -4662 -247 -321 109  -12211  3275
9 12916929 -6476 -9835 -4246 -132 -246 233  -11862  3214
10 12927024 -7456 -9075 -4186 61 -72 482  -11243  3156
10 12937830 -6688 -9211 -4846 116 -5 478  -10462  3103
9 12947218 -6636 -7987 -5662 -42 -95 237  -9710  3054
10 12957240 -6588 -8903 -5874 1 -87 136  -9078  3007
10 12968040 -6696 -8923 -6014 223 -102 154  -8709  2961
9 12977405 -6856 -9951 -4598 306 -124 100  -8682  2918
10 12987472 -6956 -9275 -4294 201 -221 -128  -8897  2875
10 12998362 -6872 -9771 -3718 30 -136 -261  -9167  2830
9 13007586 -6172 -10935 -4354 -5 -61 -204  -9485  2782
10 13017706 -6228 -11459 -4046 100 9 -56  -9964  2732
10 13028544 -6028 -10911 -4554 135 11 56  -10492  2681
9 13037822 -5520 -10311 -5462 67 -30 65  -10819  2630
10 13047914 -5752 -10799 -5682 162 -43 180  -10889  2578
10 13058726 -5768 -12019 -5010 348 -119 316  -10942  2527
9 13068028 -6008 -12115 -4570 471 -297 345  -11178  2477
10 13078152 -6808 -11995 -3494 578 -350 392  -11513  2427
10 13088442 -6880 -11519 -3402 661 -248 492  -11756  2377
9 13098264 -6920 -10867 -4026 801 -187 656  -11780  2328
10 13108334 -6620 -10631 -4790 1070 -200 854  -11571  2282
10 13118429 -5940 -9687 -5682 1494 -304 1096  -11182  2240
10 13128877 -5968 -8671 -7778 2181 -471 1495  -10613  2205
10 13138540 -5256 -7187 -9270 3143 -600 2024  -9822  2179
10 13148664 -4904 -6675 -8674 4226 -387 2534  -8849  2167
10 13158730 -6216 -7671 -4382 5177 -293 2870  -7962  2170
10 13168804 -10040 -8135 3690 5590 -340 2936  -7481  2183
10 13179263 -7380 -6591 2594 5289 -348 2923  -7323  2202
9 13188941 -5580 -6159 1762 4607 -124 2801  -7134  2217
10 13199035 -5468 -5531 314 3860 -116 2484  -6780  2228
10 13209110 -4720 -1503 -3542 3543 -362 2310  -6067  2234
10 13219340 -4444 1753 -7302 3647 -520 2206  -4593  2242
10 13229243 -5928 2089 -5286 3969 -888 2066  -2469  2260
10 13239316 -3200 4061 -6654 4220 -1413 2037  -252  2290
10 13249381 -2784 4189 -4806 4345 -1450 2047  1701  2329
10 13259586 -5608 6705 -2702 4529 -1380 2020  3340  2376
10 13269515 -8592 10165 -254 5137 -839 2176  4988  2431
10 13279593 -13396 13673 222 5846 -280 2377  7067  2500
10 13289711 -8848 12041 -1870 6250 -313 2294  9360  2585
10 13299844 -4824 9013 -3066 6615 -420 2189  10935  2680
9 13309827 -3064 7093 -2022 6864 -333 2359  11141  2778
10 13319890 -2900 5689 -30 6870 -378 2431  10168  2875
10 13329993 -2048 8449 -2702 6604 -567 2371  8838  2967
10 13340064 -1152 10473 -4110 6421 -376 2302  8134  3052
10 13350146 -6800 13913 -2410 6082 -245 2032  8569  3137
10 13360223 -8084 15777 -1846 5242 -420 1420  10083  3225
10 13370265 -5904 15733 -3186 4630 -371 967  12115  3312
10 13380340 -4348 17557 -6302 4353 -14 775  14055  3399
10 13390459 -5868 17565 -6134 4456 636 850  15677  3490
10 13400498 -8128 17381 -4250 4525 887 792  16842  3587
10 13410575 -10036 17169 -2394 4289 1094 475  17465  3686
10 13420669 -10360 15729 -1042 3953 1269 201  17558  3783
10 13430741 -7704 15397 -2506 3893 1499 212  17177  3874
10 13440811 -4912 15421 -5770 3970 1843 537  16562  3962
10 13451070 -3068 13513 -7238 4072 1997 916  15869  4048
9 13460921 -2568 14745 -10978 4258 1636 1186  15158  4132
10 13471041 -1416 16453 -15666 4102 1133 1240  14784  4216
10 13481174 -264 16017 -19258 3717 611 1095  14934  4298
9 13491129 -280 17941 -21546 3160 129 807  15447  4379
10 13501247 -1668 16905 -20350 2628 -431 699  16130  4456
10 13511380 -4092 15685 -17906 2268 -1173 679  16608  4530
9 13521364 -4004 15477 -16498 1825 -1619 610  16623  4599
10 13531576 -4288 15589 -15302 1342 -1547 557  16341  4663
10 13541702 -3116 16465 -14926 738 -1537 450  16072  4721
9 13551600 -1076 15045 -15502 76 -1591 603  15911  4772
10 13561670 -668 13989 -15402 -552 -1661 642  15634  4815
10 13571908 460 13969 -16190 -1338 -1882 673  15145  4850
9 13581803 -768 13625 -16454 -2112 -2268 587  14603  4875
10 13591876 -1588 15249 -16054 -2881 -2643 472  14247  4891
10 13602307 -1348 15477 -16754 -3547 -2879 476  14275  4899
9 13612067 -1680 16069 -16666 -3890 -2874 685  14635  4902
10 13622272 -2108 15293 -14774 -3904 -2691 908  15077  4903
10 13632436 -2412 15281 -12878 -3755 -2736 1209  15368  4906
9 13642271 -2376 15157 -10426 -3704 -2872 1207  15456  4910
10 13652340 -1532 16429 -9810 -4057 -2952 1056  15505  4914
10 13662636 -900 14969 -8262 -4354 -2953 1030  15589  4916
9 13672458 -808 14761 -6798 -4353 -3128 1144  15540  4914
10 13682578 416 15193 -6942 -4308 -3228 1400  15351  4912
10 13692878 812 14569 -6142 -4295 -2980 1681  15159  4909
9 13702694 1892 14269 -5582 -4394 -2864 1894  14941  4906
10 13713175 1052 14325 -4018 -4825 -2794 1903  14693  4901
10 13723113 304 14081 -1482 -5469 -2754 1761  14470  4890
9 13732900 -56 15613 -1526 -6107 -2803 1470  14392  4873
10 13743045 456 15573 -2370 -6409 -2782 1390  14582  4851
10 13754277 1104 15557 -2778 -6061 -2359 1485  14928  4826
9 13763136 1272 14665 -3674 -5540 -1950 1600  15181  4807
10 13773206 1076 12293 -1750 -4831 -1588 1494  15045  4792
10 13783607 1284 13793 -4982 -4274 -1645 1308  14507  4782
9 13793366 3632 13957 -7682 -4209 -1298 954  14001  4776
10 13803412 2640 11545 -4810 -4229 -867 506  13605  4768
10 13813842 808 9017 -846 -4156 -762 89  12878  4758
9 13823601 -544 7701 1814 -3916 -433 -121  11616  4744
10 13833676 168 7245 1482 -3704 24 -164  10097  4726
10 13844334 720 7309 1106 -3564 449 -290  8734  4705
9 13853809 3552 7885 -3002 -3373 645 -385  7821  4682
10 13863854 5224 9165 -6202 -3181 747 -543  7509  4659
10 13874321 6732 8121 -9294 -2811 780 -539  7669  4639
9 13884048 7364 6157 -10022 -2339 825 -563  7794  4624
10 13894278 5896 4113 -7634 -1887 766 -582  7399  4612
10 13904697 4444 3293 -5658 -1570 700 -641  6431  4600
9 13914230 3128 2545 -3182 -1381 871 -677  5189  4587
10 13924347 752 1809 562 -1299 1101 -780  3964  4571
10 13934896 1156 3273 154 -1244 1183 -868  3024  4552
9 13944436 4324 4901 -2682 -1022 1408 -811  2715  4532
10 13954554 7524 6693 -9086 -786 1197 -633  3187  4517
10 13965028 9008 4149 -10610 -423 1273 -699  4035  4507
9 13974700 6804 3337 -6678 227 1186 -736  4533  4503
10 13984742 5404 2897 -3182 930 1283 -665  4440  4505
10 13995292 2824 3713 770 1329 1487 -751  4070  4513
9 14004900 1624 2925 3918 1541 1686 -881  3712  4523
10 14015006 1620 2689 4638 1707 1897 -918  3389  4534
10 14025556 3300 2237 3598 1785 2133 -917  3052  4545
9 14035136 5060 2341 1966 1631 2132 -1025  2730  4555
10 14045211 7628 2677 -582 1385 1996 -984  2508  4563
10 14055954 9028 2805 -2994 1120 1662 -711  2447  4569
9 14065370 7348 1149 -2634 847 1352 -621  2398  4572
10 14075448 3616 1801 134 588 1031 -642  2196  4571
10 14085998 660 2685 2350 592 994 -609  2022  4567
9 14095605 -1456 3621 3730 1162 1425 -518  2132  4563
10 14105649 -2176 5441 2906 1981 1897 -436  2638  4567
10 14115724 -2064 5917 2958 2654 2285 -475  3513  4583
10 14125842 -2008 6837 3142 2934 2367 -588  4552  4609
10 14135861 1184 4673 2378 3070 2503 -556  5389  4641
10 14145960 2768 4905 -1070 3087 2402 -429  5702  4676
10 14156030 4956 4689 -3730 2745 2019 -361  5586  4710
10 14166120 2428 5437 -3190 2145 1530 -507  5360  4740
10 14176166 -564 7725 -2062 1431 1050 -758  5391  4763
10 14186236 -1956 7373 -378 940 982 -838  5855  4782
10 14196306 -4364 7957 762 811 1117 -823  6519  4798
10 14206427 -4012 8485 -274 887 1426 -832  7176  4815
10 14216472 -3540 9917 -278 1161 1564 -349  7861  4836
10 14226542 -3292 7297 -2354 1428 1619 17  8425  4862
9 14236319 -2968 9029 -4274 1151 1326 -110  8646  4891
10 14246366 -1156 8425 -6646 577 1177 -229  8682  4917
10 14256457 -1144 6065 -6806 62 951 -343  8509  4937
10 14266698 -2780 5537 -5406 -244 714 -359  7901  4949
10 14276622 -2732 5997 -5678 -466 545 -278  7078  4955
10 14286672 -2068 4833 -6130 -705 334 -67  6337  4956
10 14296742 -3300 4573 -6186 -809 156 150  5686  4952
10 14306837 -3752 3761 -5426 -908 44 383  5079  4944
10 14316878 -3916 4197 -5742 -1186 -85 481  4557  4934
10 14326948 -3760 5213 -6558 -1506 -172 588  4283  4920
10 14337066 -3748 5665 -6970 -1657 -177 736  4382  4903
10 14347139 -3928 5869 -6458 -1598 -143 795  4752  4886
10 14357438 -4340 6149 -5566 -1435 -162 768  5211  4871
9 14367254 -3260 6145 -5438 -1286 -92 750  5634  4860
10 14377349 -3320 6029 -4722 -1240 -171 579  5938  4852
10 14387390 -3012 5897 -4386 -1221 -242 467  6087  4844
10 14397626 -3296 5805 -3878 -1244 -331 350  6099  4837
10 14407578 -2744 4709 -3666 -1314 -366 396  5957  4829
10 14417650 -3476 3385 -2498 -1303 -249 491  5545  4819
10 14427724 -4032 3877 -1690 -1312 -237 600  4915  4807
10 14437766 -3120 3757 -1694 -1535 -254 644  4333  4792
10 14448025 -2288 3761 -2126 -1816 -341 550  3945  4774
9 14457902 -4128 5397 -1402 -2078 -579 447  3845  4752
10 14467998 -4692 6181 -1102 -2086 -600 335  4165  4730
10 14478117 -4804 6017 -1130 -1732 -381 346  4776  4709
10 14488162 -4428 4969 -942 -1210 -66 386  5303  4694
10 14498208 -4552 4673 -606 -806 114 354  5481  4686
10 14508278 -3716 3969 -186 -653 116 279  5308  4680
10 14518373 -3028 2161 -170 -670 -10 276  4801  4674
10 14528472 -1852 -115 -258 -814 -132 291  3847  4665
10 14538645 -2924 -839 902 -940 -174 381  2489  4648
10 14548608 -2992 -159 738 -1123 -265 384  1125  4625
10 14558673 -3424 -235 1554 -1241 -264 422  164  4597
10 14568748 -3828 277 1478 -1200 -248 379  -299  4565
10 14578818 -3240 1881 42 -1059 -170 320  -262  4535
10 14588885 -3700 2461 346 -890 -103 257  262  4508
10 14598953 -3872 2453 474 -670 -77 262  1032  4485
10 14609054 -2724 1793 174 -516 -132 264  1689  4468
10 14619143 -1680 629 -46 -463 -188 311  1954  4453
10 14629190 -1820 -87 -102 -487 -238 341  1736  4438
10 14639260 -2180 -307 538 -493 -280 374  1187  4421
10 14649330 -2700 497 90 -557 -293 392  627  4401
10 14659509 -2128 437 -914 -690 -339 350  302  4380
10 14669496 -2512 1513 -1462 -802 -377 288  281  4357
10 14679642 -3640 2981 -1562 -817 -446 140  631  4334
10 14689655 -4000 3933 -994 -790 -555 -128  1374  4315
10 14699702 -3936 2697 -106 -539 -382 -191  2224  4299
10 14709772 -3380 217 830 -319 -363 -295  2618  4287
10 14719890 -1972 -1647 766 -391 -471 -362  2174  4276
10 14729957 -1300 -3303 1010 -539 -512 -322  974  4259
10 14740008 -1300 -3319 1438 -590 -461 -122  -564  4235
10 14750078 -1152 -2935 626 -571 -382 138  -1915  4206
10 14760173 -5248 1321 -1206 -750 -401 175  -2487  4174
10 14770233 1704 637 -5006 -649 -325 258  -2028  4142
10 14780284 84 669 -1578 -574 -601 140  -1071  4116
10 14790402 -4320 541 1778 -513 -614 59  -218  4093
10 14800473 -3296 913 1250 -378 -226 114  372  4074
10 14810713 -1336 -19 -1142 -264 -324 88  674  4057
9 14820603 -432 -923 1330 -106 -562 72  613  4041
10 14830684 -1060 -1059 514 7 -369 185  225  4025
10 14840812 -2704 -1079 -418 -36 -252 69  -273  4008
10 14850825 1032 517 -3478 -142 -297 -14  -587  3990
10 14860943 -1552 201 -78 -147 -295 -1  -548  3971
10 14871352 -1556 -443 1014 -34 -293 2  -351  3953
9 14881032 -1288 -359 1018 87 -228 53  -246  3936
10 14891122 -1032 501 18 133 -180 73  -180  3921
10 14901312 -884 933 -514 125 -217 -6  1  3907
9 14911296 -924 905 -722 80 -274 -74  296  3895
10 14921330 -924 773 -454 9 -305 -106  575  3882
10 14931544 -956 765 -774 -87 -347 -117  752  3870
9 14941497 1656 -359 -1742 -204 -576 -44  753  3858
10 14951572 -996 1469 -30 -264 -472 -144  652  3843
11 14962661 -528 -55 494 -181 -373 -134  605  3828
9 14971709 560 -559 50 -166 -236 -135  476  3813
10 14981808 -68 -175 -26 -174 -87 -39  203  3798
10 14992046 -596 213 -242 -264 -122 -44  -10  3781
9 15001940 -632 1129 -1758 -344 -313 -119  -3  3764
10 15012009 -456 1565 -2122 -478 -586 -239  272  3747
10 15022253 -1708 -4695 11874 -84 -839 -258  283  3729
9 15032151 -1836 197 1542 -18 -1144 -230  -302  3712
10 15042274 -8348 -135 11110 34 -325 -35  -762  3695
10 15052831 1744 669 -3306 -37 -110 -42  -706  3678
9 15062361 452 393 -26 9 35 -148  -384  3662
10 15072479 -40 89 266 2 -36 -215  -44  3647
10 15082775 392 -763 -314 1 6 -188  95  3634
9 15092616 88 -291 -266 4 -14 -78  10  3620
10 15102660 8 -63 -114 6 10 -18  -122  3605
10 15112786 -52 -39 54 8 -14 -10  -174  3590
10 15122832 80 17 -18 8 -11 1  -157  3576
10 15132902 -116 45 10 5 -15 1  -105  3562
10 15142991 8 53 -114 2 -18 2  -44  3548
10 15153034 -392 877 -530 13 -14 36  61  3534
10 15163108 48 -227 174 3 -38 85  195  3521
10 15173227 -228 -319 434 2 -4 23  205  3508
10 15183245 92 -135 94 2 -40 12  86  3495
10 15193344 -160 -31 2 2 27 -1  -27  3481
10 15203414 -56 -67 266 4 -26 -1  -85  3467
10 15213507 96 -23 -310 2 -14 1  -98  3453
10 15223710 232 -43 -486 3 3 2  -88  3440
9 15233308 20 -87 -58 2 12 5  -73  3426
10 15243378 -160 -51 30 1 3 0  -65  3412
10 15253497 4 -11 258 -1 -4 2  -57  3399
10 15263544 -104 -11 -154 2 -1 -1  -44  3385
10 15273614 -200 -159 234 1 -25 -5  -40  3372
10 15283703 -1836 -331 2722 4 3 2  -72  3358
10 15293750 -768 21 1270 0 -57 -2  -119  3345
10 15303846 324 109 -410 -1 -45 -4  -119  3331
10 15313966 600 85 -850 4 6 2  -64  3318
10 15324011 28 -63 -202 2 24 2  -10  3305
10 15334056 -276 -71 170 -3 15 3  7  3292
10 15344126 -232 -91 394 -2 -6 4  -7  3279
10 15354221 -24 -51 -198 0 -7 5  -31  3266
10 15364312 204 1 -298 1 6 5  -46  3253
10 15374332 -56 -35 -10 -3 6 3  -45  3240
10 15384450 -52 9 42 0 1 -1  -36  3227
10 15394523 4 33 38 2 -1 2  -22  3214
10 15404596 48 -35 -82 -1 5 4  -7  3201
10 15414918 -72 -23 -54 0 5 -1  -3  3189
9 15424733 -108 -7 86 0 4 1  -6  3176
10 15434824 -156 -19 22 0 -1 -1  -10  3163
10 15444902 28 73 -70 0 0 -1  -6  3151
10 15454964 28 -187 -82 1 0 1  -7  3138
10 15465034 52 57 -2 0 -2 -1  -22  3126
10 15475108 -4 -35 -90 2 6 0  -29  3114
10 15485172 20 -87 -18 1 5 0  -31  3101
10 15495355 92 25 -2 0 2 -1  -36  3089
10 15505286 -40 113 -142 -2 -2 -4  -23  3076
10 15515356 8 17 2 -1 0 -1  6  3064
10 15525480 80 37 18 -2 3 -1  29  3052
10 15535545 4 -11 -30 0 2 1  36  3040
10 15545635 -20 29 -2 -1 -1 -1  32  3028
10 15555662 20 93 42 -1 0 -1  31  3016
10 15565757 -36 49 110 1 2 1  40  3005
10 15575821 -120 -19 -38 -1 0 -2  44  2993
10 15585897 -72 -15 14 -1 3 3  34  2981
10 15596354 -60 45 -150 4 1 -1  20  2969
10 15606058 -60 -107 -54 -1 2 -1  7  2958
10 15616132 -88 -51 -106 1 -3 1  -15  2946
10 15626194 -72 57 -6 -2 1 -1  -30  2934
10 15636284 40 -15 -58 -1 3 -1  -25  2922
10 15646310 -68 -79 6 -3 5 2  -19  2910
10 15656406 24 -23 26 0 3 -1  -25  2899
10 15666526 8 -75 78 -2 2 1  -34  2887
10 15676569 84 -15 26 -1 2 0  -41  2875
10 15686616 -88 -11 -82 -1 1 4  -41  2864
10 15696686 -92 125 114 -2 1 -2  -23  2852
10 15706781 1104 -419 -562 -5 -24 -61  -22  2841
10 15716880 400 249 -630 1 -13 -72  -47  2829
10 15727338 104 269 -582 -1 15 -16  -21  2818
10 15737011 -184 49 338 2 14 -1  51  2807
10 15747082 -208 -171 418 -4 -4 -9  81  2796
10 15757156 80 -407 -146 1 -8 -26  24  2785
10 15767226 -96 -647 178 -1 -8 -57  -116  2773
10 15777293 -92 193 -206 5 -7 -55  -244  2761
10 15787360 -172 201 354 0 -1 -22  -235  2750
10 15797462 -220 -195 42 3 -6 -21  -141  2738
10 15807551 336 353 -482 2 3 -27  -53  2727
10 15817723 -136 -247 -178 1 23 -36  15  2716
10 15827668 -48 733 270 -3 9 -52  79  2706
10 15837736 -196 -163 126 0 -20 -46  155  2695
10 15847858 -64 401 -134 0 -7 -34  199  2685
10 15857991 72 181 -78 0 5 -11  219  2675
10 15867943 -56 105 186 -1 2 -2  226  2666
10 15878063 -40 9 170 0 -1 -2  195  2656
10 15888106 108 -111 -214 -2 -1 0  130  2646
10 15898180 0 -139 -10 0 1 3  44  2635
10 15908434 72 61 30 0 0 1  -24  2625
10 15918345 -40 -7 82 1 0 0  -48  2614
10 15928416 -56 -19 -46 0 -2 2  -43  2603
10 15938486 -572 381 30 -5 0 30  -6  2593
10 15948581 100 -75 -214 -3 1 104  55  2583
10 15958618 -136 -35 158 -2 1 80  79  2573
10 15968692 48 -203 -126 -6 7 75  44  2563
10 15978762 52 -131 -142 -6 5 35  -20  2552
10 15988882 -8 -83 18 -2 -4 6  -78  2542
10 15998951 116 1 -74 -2 1 1  -101  2531
10 16008998 -100 5 -130 -3 2 -1  -88  2521
10 16019115 -108 53 34 0 5 -2  -55  2510
10 16029154 -128 -103 18 0 3 -1  -25  2500
10 16039394 44 37 -42 -1 -1 0  -14  2490
10 16049274 20 65 -86 -3 2 0  -3  2480
10 16059394 20 -43 6 0 1 -2  10  2470
10 16069440 64 113 18 -1 1 2  19  2460
10 16079510 40 -51 58 -1 2 1  26  2451
10 16089926 64 17 154 0 4 0  24  2441
9 16099646 -40 5 102 -2 4 1  16  2431
10 16109741 8 85 -22 -1 -2 -1  15  2421
10 16119862 0 13 -58 -1 3 1  24  2412
10 16129905 -112 5 118 -1 3 0  28  2402
10 16139952 -80 25 -62 -2 1 1  26  2393
10 16150022 -76 25 -10 3 4 2  23  2383
10 16160138 -176 9 -78 -1 2 -2  21  2374
10 16170216 -48 37 -194 -1 1 -4  20  2364
10 16180286 28 37 -134 -4 2 -1  22  2355
10 16190352 32 21 -94 0 2 0  26  2346
10 16200418 48 -39 -50 0 -1 1  23  2336
10 16210492 4 41 -102 -1 -1 1  14  2327
10 16220562 12 -27 -42 -2 2 2  8  2318
10 16230800 -24 -11 134 0 2 -2  1  2309
10 16240723 -24 97 -62 -2 -1 -2  1  2299
10 16250798 -140 77 -46 -1 1 3  18  2290
10 16260887 -188 65 -14 -2 4 6  42  2281
10 16270934 -1156 217 254 1 22 -14  68  2272
10 16281004 436 -99 546 1 -18 -62  88  2264
10 16291074 984 101 -1090 2 -21 -60  80  2255
10 16301193 708 145 -782 3 26 -41  72  2246
10 16311240 108 13 -42 4 6 -22  76  2238
10 16321478 -312 21 82 -1 1 -5  70  2229
9 16331399 -328 181 38 0 -12 -29  65  2220
10 16341446 572 -303 -114 0 10 -20  50  2212
10 16351539 -96 1 214 -2 4 -10  2  2203
10 16361776 12 -71 -18 -3 -2 -10  -43  2194
10 16371710 -40 209 10 0 -1 -16  -45  2185
10 16381752 -56 61 190 -1 -6 -29  -7  2176
10 16391822 52 -131 186 2 10 -8  24  2168
10 16401938 -56 25 114 2 -1 -7  18  2159
10 16412091 252 589 50 1 -4 -16  45  2151
10 16422086 368 85 -554 5 8 -62  131  2143
10 16432172 56 -395 -146 -1 17 -58  155  2135
10 16442219 -236 -443 -126 2 -4 -11  46  2127
10 16452292 -72 -51 -98 -3 -2 1  -101  2118
10 16462334 -68 45 -54 -2 0 5  -168  2109
10 16472429 -156 25 -162 -3 2 2  -146  2100
10 16482528 -80 25 66 -2 0 0  -89  2091
10 16492598 -32 21 -110 -3 0 3  -35  2083
10 16502687 16 29 198 1 0 0  2  2074
10 16512729 44 -11 86 -3 0 -2  22  2066
10 16522890 76 57 54 -1 2 0  28  2058
9 16532872 0 57 -82 -1 2 1  34  2050
10 16542995 -4 61 -86 -3 0 -2  43  2042
10 16553008 32 -75 22 -1 1 -2  42  2034
10 16563110 -64 -55 -50 -4 2 -2  20  2026
10 16573320 -136 -47 182 -2 3 0  -9  2018
9 16583246 -88 -95 38 0 1 0  -35  2010
10 16593472 -60 -7 -178 -1 1 -2  -53  2002
10 16603385 84 -7 -86 -2 2 -5  -54  1994
10 16613506 184 -59 -74 -3 4 -19  -45  1986
10 16623552 -60 33 38 -3 9 -10  -35  1978
10 16633622 -92 -7 22 -3 3 -2  -21  1970
10 16643711 -76 -71 38 -2 -2 -2  -13  1962
10 16653758 -48 -103 -126 -4 0 -2  -23  1954
10 16663828 104 29 -94 -2 -1 -8  -38  1946
10 16674124 160 -83 -42 1 0 -54  -42  1939
9 16684019 -40 137 -270 -4 -25 -14  -32  1931
9 16693780 292 -51 -618 -1 16 -6  -10  1923
10 16703822 -224 -7 -14 0 19 -5  3  1916
10 16713917 -244 -51 654 -1 8 -2  0  1908
10 16724184 -20 -39 318 2 -13 -2  -10  1901  
